GRT_LABELLED_TIME_SERIES_CLASSIFICATION_DATA_FILE_V1.0
DatasetName: NOT_SET
InfoText: 
NumDimensions: 6
TotalNumTrainingExamples: 4
NumberOfClasses: 1
ClassIDsAndCounters: 
1	4
UseExternalRanges: 0
LabelledTimeSeriesTrainingData:
************TIME_SERIES************
ClassID: 1
TimeSeriesLength: 33
TimeSeriesData: 
125.454	607.642	2512.39	239.957	623.137	2484.86
131.242	607.866	2495.67	221.754	596.443	2502.27
146.601	619.339	2507.85	260.345	592.398	2475.28
114.421	615.005	2502.05	255.266	603.204	2488.1
102.382	618.75	2498.88	269.823	606.018	2473.66
56.1677	611.585	2502.76	301.352	614.747	2443.99
7.38611	594.726	2486.62	302.833	590.682	2457.34
-23.3054	608.924	2487.22	367.893	582.334	2449.89
-78.4285	613.389	2489.22	474.189	578.756	2403.29
-119.216	573.641	2516.88	509.15	554.814	2386.18
-142.359	573.494	2513.77	525.004	552.249	2383.83
-164.697	564.462	2519.62	540.286	536.524	2396.45
-164.283	563.729	2511.14	534.41	535.918	2397.65
-161.936	568.143	2506.49	527.552	545.86	2390.95
-160.311	567.864	2501.85	526.972	542.409	2395.61
-159.134	567.654	2495.75	519.378	545.321	2391.52
-155.814	569.139	2477.6	518.648	544.735	2401.48
-156.96	564.875	2477.26	517.786	530.728	2392.46
-170.899	523.202	2458.67	522.209	490.376	2367.24
-187.763	481.333	2455.09	522.209	490.376	2367.24
-187.763	481.333	2455.09	523.822	445.571	2349.13
-200.949	425.774	2433.91	530.535	388.975	2316.98
-213.767	365.373	2423.53	540.577	335.685	2324.5
-229.472	300.207	2416.34	607.222	281.28	2321.41
-229.639	248.666	2406.23	563.404	227.456	2307.79
-232.809	192.436	2387.89	541.128	140.82	2420.43
-214.845	100.688	2439.34	538.675	87.4281	2415.96
-213.823	65.4326	2429.3	529.528	81.1229	2440.19
-213.274	33.6542	2422.34	566.888	44.4621	2373.53
-213.274	33.6542	2422.34	566.888	44.4621	2373.53
-216.771	15.8294	2438.14	571.202	11.6844	2376.19
-214.744	7.12807	2444.47	580.372	-6.86585	2387.47
-210.787	-2.78125	2448.24	570.411	7.44369	2400.07
************TIME_SERIES************
ClassID: 1
TimeSeriesLength: 27
TimeSeriesData: 
93.7682	597.08	2493.8	224.906	586.339	2480.3
112.26	600.801	2501.45	225.969	593.972	2497.69
97.8626	603.588	2500.55	223.543	590.197	2488.91
108.878	606.425	2498.13	227.609	592.382	2490.22
96.9785	607.109	2500.16	226.083	587.962	2492.09
88.9931	604.131	2493.7	225.502	602.566	2488.13
40.418	612.541	2503.32	218.499	577.251	2470.74
11.7254	609.19	2488.49	273.952	616.684	2445.91
-63.5332	597.384	2500.9	288.667	597.987	2454.99
-63.5332	597.384	2500.9	288.667	597.987	2454.99
-109.559	590.417	2496.59	408.714	610.89	2406.83
-109.559	590.417	2496.59	408.714	610.89	2406.83
-162.736	567.267	2516.3	463.708	581.279	2395.34
-189.927	569.594	2522.19	506.365	556.855	2399.83
-209.528	559.054	2527.98	530.869	546.957	2395.73
-209.787	554.841	2522.52	536.008	547.961	2403.57
-207.731	557.27	2519.48	529.792	555.07	2393.63
-204.103	560.635	2515.05	522.96	554.983	2397.23
-199.294	555.024	2504.8	503.564	551.366	2394.2
-204.207	506.938	2468.43	481.058	507.868	2365.49
-212.846	364.634	2449.67	447.609	428.965	2280.07
-227.605	223.041	2413.8	510.467	211.116	2311.02
-177.874	44.6239	2448.52	503.741	76.0987	2339.05
-162.421	-53.3486	2473.76	503.755	-0.588951	2390.06
-147.053	-103.463	2501.41	515.798	-53.8662	2421.89
-153.374	-110.183	2499.51	518.874	-61.8856	2423.51
-153.738	-102.792	2506.01	524.841	-67.6414	2414.76
************TIME_SERIES************
ClassID: 1
TimeSeriesLength: 27
TimeSeriesData: 
118.24	611.566	2508.43	263.738	311.78	2462.83
148.256	616.46	2506.75	263.738	311.78	2462.83
148.256	616.46	2506.75	245.342	191.938	2494.92
176.911	610.687	2502.82	230.044	93.6435	2529.3
196.664	605.129	2493.53	218.23	15.4467	2560.11
217.339	591.398	2471.65	220.607	216.686	2522.45
124.665	599.487	2484.43	241.04	350.162	2471.17
23.5425	611.002	2486.15	262.144	446.192	2437.27
-65.5006	615.445	2491.49	296.8	511.051	2407.81
-129.904	605.391	2510.59	340.55	550.955	2389.15
-174.811	591.903	2511.75	386.536	574.282	2375.65
-200.86	582.365	2496.28	542.045	576.965	2355.51
-215.27	566.667	2499.84	554.893	570.378	2357.45
-235.243	550.549	2496.96	580.304	542.207	2342.91
-254.842	513.171	2485.36	590.728	494.611	2322.38
-259.188	461.565	2471.89	593.439	435.043	2301.13
-267.052	368.242	2460.95	570.831	305.868	2327.39
-253.594	245.275	2431.63	547.064	196.375	2339.2
-240.583	129.059	2420.86	534.265	109.072	2317.74
-240.583	129.059	2420.86	534.265	109.072	2317.74
-218.874	19.9409	2429.15	523.885	14.5199	2321.73
-197.888	-58.2907	2455.22	509.037	-65.6066	2324.58
-174.787	-118.143	2471.19	503.76	-119.206	2343.4
-154.554	-152.539	2484.6	495.435	-153.029	2364.36
-139.696	-173.888	2490.28	494.22	-170.678	2383.55
-132.647	-185.478	2495.21	489.715	-186.942	2394.03
-128.432	-190.728	2498.38	488.078	-196.761	2401.03
************TIME_SERIES************
ClassID: 1
TimeSeriesLength: 38
TimeSeriesData: 
151.574	638.258	2512.76	213.089	629.68	2480.21
151.777	635.501	2512.71	213.433	628.487	2475.39
155.226	639.46	2507.25	213.714	630.189	2475.1
152.754	635.006	2505.13	213.399	630.131	2471.46
154.918	638.446	2500.39	213.914	629.52	2470.27
152.375	634.442	2501.7	213.995	627.963	2466.51
149.95	632.686	2504.28	214.192	626.884	2464.53
147.73	631.153	2503.1	214.292	626.419	2462.37
149.246	640.436	2495.6	214.571	624.855	2462.35
122.187	632.809	2485.96	218.609	630.343	2461.15
85.9929	628.882	2487.25	237.089	633.511	2447.94
40.4545	634.336	2483.99	265.342	637.685	2437.92
-3.9343	626.304	2483.06	306.57	634.523	2421.93
-46.083	618.999	2479.8	359.956	629.578	2402.99
-88.5441	618.423	2488.19	403.275	621.878	2384.59
-122.827	613.853	2486.08	440.904	616.563	2372.04
-148.762	606.578	2483.68	471.141	607.794	2365.03
-166.511	601.561	2481.04	488.485	602.928	2360.17
-175.418	598.214	2477.86	496.81	599.835	2355.77
-179.776	596.016	2474.58	496.795	597.065	2358.3
-177.93	594.066	2471.29	490.829	587.384	2357.7
-177.749	593.803	2469.14	487.187	580.43	2355.49
-179.219	579.497	2462.07	481.513	575.867	2349.68
-183.204	557.475	2448.52	472.717	556.223	2338.82
-179.021	525.115	2429.82	468.873	518.444	2323.14
-174.581	477.007	2414.8	463.828	463.629	2300.13
-176.36	405.863	2400.62	469.779	389.241	2278.22
-186.494	330.743	2391.8	475.713	303.598	2255.74
-191.246	241.792	2382.65	483.303	212.865	2243.73
-187.731	134.955	2394.04	487.878	106.456	2258.09
-181.392	43.022	2415.32	490.597	17.6302	2284.9
-174.234	-35.0754	2434.52	487.821	-48.404	2310.26
-162.611	-92.9532	2457.71	489.263	-92.5697	2340.11
-152.446	-125.625	2488.69	491.458	-119.632	2362.19
-142.96	-154.338	2513.77	493.924	-131.449	2380.75
-137.778	-169.781	2521.28	491.15	-142.794	2390.12
-138.211	-179.275	2526.11	491.118	-149.125	2398.28
-144.448	-181.289	2526.45	489.695	-151.914	2398.75
