/leftshoulder_pos_body -158.9458 557.11884 1868.194
/leftelbow_pos_body -325.54993 396.0779 1830.5714
/lefthand_pos_body -306.9744 610.29846 1736.3849
/rightshoulder_pos_body 111.0025 556.9015 1815.4716
/rightelbow_pos_body 270.72058 392.4034 1765.102
/righthand_pos_body 250.39035 617.6805 1702.3047
/torso_pos_body -27.070564 369.24976 1826.7397
/torso_pos_body -27.070564 369.24976 1826.7397
/lefthip_pos_body -112.18384 181.5554 1827.6646
/leftknee_pos_body -112.18384 -177.47078 1827.6646
/righthip_pos_body 51.84488 181.42332 1795.6289
/rightknee_pos_body 51.84488 -177.60286 1795.6289
/leftshoulder_pos_body -159.20175 561.405 1831.1632
/leftelbow_pos_body -309.15298 417.5086 1833.8196
/lefthand_pos_body -294.65063 546.3977 1774.4872
/rightshoulder_pos_body 109.835106 558.9676 1800.8917
/rightelbow_pos_body 251.5553 413.2157 1760.2196
/righthand_pos_body 235.95671 649.66565 1676.7909
/torso_pos_body -27.404835 372.40573 1806.9602
/torso_pos_body -27.404835 372.40573 1806.9602
/lefthip_pos_body -110.9681 185.35756 1806.9891
/leftknee_pos_body -131.8163 -138.98015 1840.8499
/righthip_pos_body 50.715424 183.89272 1788.7968
/rightknee_pos_body 64.26567 -138.39778 1837.9935
/leftshoulder_pos_body -154.18073 563.4004 1818.7964
/leftelbow_pos_body -311.00293 417.47708 1836.919
/lefthand_pos_body -317.46152 615.967 1722.8303
/rightshoulder_pos_body 110.16767 564.5681 1781.4934
/rightelbow_pos_body 253.16843 413.06506 1749.043
/righthand_pos_body 239.90456 640.3968 1637.2738
/torso_pos_body -22.958979 377.70523 1787.5641
/torso_pos_body -22.958979 377.70523 1787.5641
/lefthip_pos_body -104.795 191.06892 1786.397
/leftknee_pos_body -118.06858 -136.51976 1801.1051
/righthip_pos_body 56.972134 191.78352 1763.5696
/rightknee_pos_body 80.56572 -142.05785 1787.8298
/leftshoulder_pos_body -150.68532 563.6114 1811.9454
/leftelbow_pos_body -311.55536 416.68207 1837.9701
/lefthand_pos_body -303.99115 535.82654 1747.5096
/rightshoulder_pos_body 111.29673 566.6189 1759.0573
/rightelbow_pos_body 257.7786 413.4334 1730.6273
/righthand_pos_body 266.78763 596.50476 1543.5841
/torso_pos_body -20.171116 379.8456 1772.6039
/torso_pos_body -20.171116 379.8456 1772.6039
/lefthip_pos_body -104.39286 193.6147 1776.6125
/leftknee_pos_body -105.47449 -141.53163 1788.8436
/righthip_pos_body 63.096996 195.53749 1742.8003
/rightknee_pos_body 83.92461 -144.95323 1759.7329
/leftshoulder_pos_body -150.36154 562.5396 1808.1833
/leftelbow_pos_body -310.63153 413.1923 1837.634
/lefthand_pos_body -397.0181 523.7021 1606.3114
/rightshoulder_pos_body 115.05258 566.92786 1748.7417
/rightelbow_pos_body 260.39957 413.33542 1722.9396
/righthand_pos_body 305.64484 549.50757 1483.1912
/torso_pos_body -17.593075 381.16183 1765.1847
/torso_pos_body -17.593075 381.16183 1765.1847
/lefthip_pos_body -102.71013 196.18164 1770.9833
/leftknee_pos_body -99.258316 -138.07803 1786.2731
/righthip_pos_body 67.64679 198.99823 1732.8304
/rightknee_pos_body 84.38427 -127.46567 1729.3586
/leftshoulder_pos_body -147.59186 561.4789 1800.5372
/leftelbow_pos_body -308.8064 410.47372 1839.7612
/lefthand_pos_body -412.77045 458.32486 1619.5839
/rightshoulder_pos_body 120.41196 566.2977 1739.1332
/rightelbow_pos_body 266.62958 411.06256 1712.8912
/righthand_pos_body 329.9621 516.4743 1478.1904
/torso_pos_body -13.338918 382.57056 1756.7013
/torso_pos_body -13.338918 382.57056 1756.7013
/lefthip_pos_body -100.23113 199.68591 1763.5333
/leftknee_pos_body -97.631676 -122.888855 1758.9855
/righthip_pos_body 74.05535 202.8197 1723.6014
/rightknee_pos_body 86.54149 -117.469696 1714.155
/leftshoulder_pos_body -147.53911 560.42615 1797.9521
/leftelbow_pos_body -281.9439 390.45316 1860.2709
/lefthand_pos_body -414.84506 477.34067 1632.68
/rightshoulder_pos_body 122.26399 566.33075 1737.6011
/rightelbow_pos_body 267.81317 406.33682 1707.0123
/righthand_pos_body 336.60434 540.62024 1493.4436
/torso_pos_body -12.046926 382.8101 1752.7509
/torso_pos_body -12.046926 382.8101 1752.7509
/lefthip_pos_body -100.25158 200.29845 1757.5874
/leftknee_pos_body -99.88858 -118.91676 1741.0146
/righthip_pos_body 77.33898 204.18498 1717.8628
/rightknee_pos_body 86.46411 -113.67442 1705.265
/leftshoulder_pos_body -148.08992 559.88446 1796.3386
/leftelbow_pos_body -284.50513 389.92853 1859.9691
/lefthand_pos_body -417.69116 504.2637 1643.9214
/rightshoulder_pos_body 122.13801 565.6754 1737.2534
/rightelbow_pos_body 267.90646 403.32867 1703.5046
/righthand_pos_body 343.63586 574.1416 1513.9121
/torso_pos_body -12.338014 382.03964 1751.9993
/torso_pos_body -12.338014 382.03964 1751.9993
/lefthip_pos_body -100.683044 199.39244 1756.6586
/leftknee_pos_body -98.498604 -124.269455 1751.1372
/righthip_pos_body 77.28291 203.20622 1717.7465
/rightknee_pos_body 85.56031 -120.53688 1711.3842
/leftshoulder_pos_body -147.51572 558.4706 1796.0824
/leftelbow_pos_body -287.53027 388.36102 1857.772
/lefthand_pos_body -406.29822 526.73816 1648.5911
/rightshoulder_pos_body 120.53205 563.6859 1741.8822
/rightelbow_pos_body 268.5762 402.1236 1701.2782
/righthand_pos_body 335.995 593.5486 1541.8108
/torso_pos_body -13.098001 380.52066 1753.5562
/torso_pos_body -13.098001 380.52066 1753.5562
/lefthip_pos_body -101.78655 198.22983 1756.1427
/leftknee_pos_body -99.319046 -126.12714 1744.3241
/righthip_pos_body 76.37821 201.69632 1720.1173
/rightknee_pos_body 83.77902 -122.265656 1712.8094
/leftshoulder_pos_body -147.90784 557.56586 1794.7651
/leftelbow_pos_body -288.62616 388.68103 1859.9236
/lefthand_pos_body -387.7477 549.8082 1662.7197
/rightshoulder_pos_body 121.12167 561.1549 1742.832
/rightelbow_pos_body 261.3604 401.40674 1727.3712
/righthand_pos_body 301.457 610.3522 1572.2345
/torso_pos_body -13.671136 378.75485 1754.8767
/torso_pos_body -13.671136 378.75485 1754.8767
/lefthip_pos_body -101.45778 196.98189 1757.8474
/leftknee_pos_body -101.65924 -131.75096 1751.8413
/righthip_pos_body 73.5594 199.31673 1724.0623
/rightknee_pos_body 81.89003 -125.81676 1716.1228
/leftshoulder_pos_body -150.12305 556.0083 1793.2847
/leftelbow_pos_body -295.8068 395.0001 1851.8535
/lefthand_pos_body -384.32492 568.193 1664.7074
/rightshoulder_pos_body 117.171234 557.5049 1753.3652
/rightelbow_pos_body 254.18466 403.2722 1741.4464
/righthand_pos_body 273.40613 620.11664 1596.3988
/torso_pos_body -17.403587 375.72754 1760.327
/torso_pos_body -17.403587 375.72754 1760.327
/lefthip_pos_body -102.636116 194.2265 1759.9197
/leftknee_pos_body -112.92453 -137.35535 1769.0968
/righthip_pos_body 65.97358 195.17047 1734.7385
/rightknee_pos_body 76.90896 -125.73996 1725.8639
/leftshoulder_pos_body -167.44672 550.7163 1796.084
/leftelbow_pos_body -298.40924 393.906 1852.6744
/lefthand_pos_body -387.12595 582.2008 1673.5951
/rightshoulder_pos_body 102.85654 551.55743 1763.8384
/rightelbow_pos_body 247.37137 404.61273 1745.1768
/righthand_pos_body 256.77136 624.4793 1614.1296
/torso_pos_body -33.028122 369.61963 1769.0817
/torso_pos_body -33.028122 369.61963 1769.0817
/lefthip_pos_body -119.112465 187.83679 1768.3842
/leftknee_pos_body -120.5214 -137.90213 1776.2318
/righthip_pos_body 51.59016 188.36798 1748.0201
/rightknee_pos_body 67.4305 -122.89902 1746.2869
/leftshoulder_pos_body -181.39256 545.508 1807.4915
/leftelbow_pos_body -306.99768 392.20154 1859.793
/lefthand_pos_body -379.2364 594.73254 1697.0786
/rightshoulder_pos_body 90.05373 549.6235 1773.2891
/rightelbow_pos_body 242.72954 410.43497 1746.1367
/righthand_pos_body 242.09068 635.9655 1627.8724
/torso_pos_body -44.136112 368.5547 1781.0193
/torso_pos_body -44.136112 368.5547 1781.0193
/lefthip_pos_body -131.77817 188.19164 1782.8844
/leftknee_pos_body -124.52014 -141.1303 1785.9235
/righthip_pos_body 46.572563 190.89568 1760.4122
/rightknee_pos_body 49.435875 -119.06746 1742.1426
/leftshoulder_pos_body -182.35329 546.2926 1811.7977
/leftelbow_pos_body -312.07562 395.3329 1865.707
/lefthand_pos_body -364.31583 603.5259 1717.3142
/rightshoulder_pos_body 85.40815 548.90564 1780.483
/rightelbow_pos_body 240.65909 409.7595 1749.2068
/righthand_pos_body 240.6713 636.0642 1642.4302
/torso_pos_body -47.111553 368.67007 1792.8469
/torso_pos_body -47.111553 368.67007 1792.8469
/lefthip_pos_body -139.47406 188.82639 1800.5144
/leftknee_pos_body -127.55785 -142.57352 1823.6836
/righthip_pos_body 47.972977 190.65567 1778.5925
/rightknee_pos_body 47.576855 -126.40976 1753.432
/leftshoulder_pos_body -176.77614 551.7045 1828.1615
/leftelbow_pos_body -318.8149 399.51935 1882.989
/lefthand_pos_body -355.11978 608.5056 1740.7334
/rightshoulder_pos_body 86.978966 553.9248 1781.6715
/rightelbow_pos_body 238.46625 413.03003 1752.9381
/righthand_pos_body 246.3494 648.25854 1657.7605
/torso_pos_body -43.070686 372.83875 1806.6915
/torso_pos_body -43.070686 372.83875 1806.6915
/lefthip_pos_body -134.89355 192.07446 1824.9736
/leftknee_pos_body -133.9437 -138.28882 1857.4509
/righthip_pos_body 52.407978 193.65118 1791.9595
/rightknee_pos_body 59.801712 -122.368805 1793.5775
/leftshoulder_pos_body -172.8345 555.2022 1835.5697
/leftelbow_pos_body -315.33838 407.0821 1901.3517
/lefthand_pos_body -344.0578 612.4249 1759.319
/rightshoulder_pos_body 92.97173 554.7007 1796.1241
/rightelbow_pos_body 242.92447 410.00842 1766.9691
/righthand_pos_body 249.94617 646.38153 1676.1234
/torso_pos_body -40.047062 372.2584 1817.3904
/torso_pos_body -40.047062 372.2584 1817.3904
/lefthip_pos_body -136.71161 189.74751 1833.2617
/leftknee_pos_body -134.57599 -135.87654 1866.3923
/righthip_pos_body 56.38613 189.3832 1804.606
/rightknee_pos_body 64.661804 -131.34843 1809.1814
/leftshoulder_pos_body -162.14153 554.1948 1856.2863
/leftelbow_pos_body -300.20306 409.1623 1919.1914
/lefthand_pos_body -321.19568 631.9275 1790.0568
/rightshoulder_pos_body 105.92661 553.5245 1810.4325
/rightelbow_pos_body 251.69122 402.6167 1778.596
/righthand_pos_body 257.93326 646.9519 1702.0735
/torso_pos_body -27.378418 369.96658 1840.3099
/torso_pos_body -27.378418 369.96658 1840.3099
/lefthip_pos_body -119.25047 186.30508 1863.1001
/leftknee_pos_body -119.90237 -133.92862 1896.3751
/righthip_pos_body 65.95172 185.84195 1831.4209
/rightknee_pos_body 76.237564 -142.40375 1845.9911
/leftshoulder_pos_body -138.99045 558.6156 1888.603
/leftelbow_pos_body -286.02722 414.28748 1926.9034
/lefthand_pos_body -306.3732 638.33923 1802.2577
/rightshoulder_pos_body 119.487915 559.77496 1853.8486
/rightelbow_pos_body 262.3692 398.53192 1804.5343
/righthand_pos_body 265.06537 653.4651 1732.916
/torso_pos_body -8.6956625 374.71527 1872.9227
/torso_pos_body -8.6956625 374.71527 1872.9227
/lefthip_pos_body -103.38731 189.80583 1887.4937
/leftknee_pos_body -115.841774 -127.95839 1906.3872
/righthip_pos_body 88.107185 190.66472 1861.7456
/rightknee_pos_body 90.465096 -137.266 1867.2819
/leftshoulder_pos_body -121.82722 560.8765 1909.8108
/leftelbow_pos_body -274.3173 418.50153 1941.4812
/lefthand_pos_body -278.7575 666.223 1818.9039
/rightshoulder_pos_body 131.40111 560.39215 1872.8552
/rightelbow_pos_body 276.94934 402.13324 1827.1969
/righthand_pos_body 276.99377 656.1138 1749.5752
/torso_pos_body 4.6971946 376.15268 1893.1361
/torso_pos_body 4.6971946 376.15268 1893.1361
/lefthip_pos_body -88.625595 191.84938 1908.5454
/leftknee_pos_body -101.69994 -130.63664 1922.0634
/righthip_pos_body 97.840485 191.49269 1881.333
/rightknee_pos_body 103.668884 -137.17195 1903.7217
/leftshoulder_pos_body -104.20149 564.1513 1941.4531
/leftelbow_pos_body -266.30084 428.7008 1972.3538
/lefthand_pos_body -260.22824 661.54645 1843.8982
/rightshoulder_pos_body 147.07689 558.225 1890.376
/rightelbow_pos_body 291.67593 400.69513 1848.783
/righthand_pos_body 283.12387 664.0244 1779.1051
/torso_pos_body 17.008106 374.76257 1915.7533
/torso_pos_body 17.008106 374.76257 1915.7533
/lefthip_pos_body -79.33902 190.50484 1934.2761
/leftknee_pos_body -88.40189 -135.44499 1932.9224
/righthip_pos_body 104.49605 186.16914 1896.908
/rightknee_pos_body 109.4206 -136.377 1921.6439
/leftshoulder_pos_body -96.886246 569.37244 1957.2551
/leftelbow_pos_body -260.87024 436.64294 1990.0052
/lefthand_pos_body -254.61507 660.993 1855.2249
/rightshoulder_pos_body 157.04796 561.5915 1906.0798
/rightelbow_pos_body 297.87592 401.2654 1859.3108
/righthand_pos_body 281.54956 663.5975 1789.2025
/torso_pos_body 23.666744 375.92056 1928.6622
/torso_pos_body 23.666744 375.92056 1928.6622
/lefthip_pos_body -72.810196 189.11882 1943.8073
/leftknee_pos_body -80.22338 -138.87636 1938.1969
/righthip_pos_body 107.31546 183.59947 1907.5067
/rightknee_pos_body 113.58275 -139.1248 1934.8188
/leftshoulder_pos_body -104.29602 564.0364 1984.7124
/leftelbow_pos_body -260.41254 441.46274 1999.2184
/lefthand_pos_body -251.26547 665.19525 1862.9877
/rightshoulder_pos_body 160.7522 561.7263 1918.6482
/rightelbow_pos_body 300.1928 401.1952 1866.9388
/righthand_pos_body 275.24826 664.7166 1798.2505
/torso_pos_body 24.392733 373.13672 1942.9277
/torso_pos_body 24.392733 373.13672 1942.9277
/lefthip_pos_body -67.383545 184.15855 1956.0947
/leftknee_pos_body -70.56124 -145.91158 1954.9418
/righthip_pos_body 108.49829 182.62566 1912.2556
/rightknee_pos_body 115.25292 -144.21022 1945.7263
/leftshoulder_pos_body -101.61989 575.7162 1998.0505
/leftelbow_pos_body -257.97794 432.5904 2003.5953
/lefthand_pos_body -252.58151 659.24316 1870.9985
/rightshoulder_pos_body 159.67607 573.0255 1928.0234
/rightelbow_pos_body 299.45822 412.859 1869.6774
/righthand_pos_body 274.98254 680.6428 1809.1221
/torso_pos_body 24.986275 383.86182 1955.2755
/torso_pos_body 24.986275 383.86182 1955.2755
/lefthip_pos_body -67.0415 194.25882 1971.0942
/leftknee_pos_body -64.81363 -152.94308 1968.257
/righthip_pos_body 108.93041 192.44675 1923.9338
/rightknee_pos_body 114.642586 -134.84238 1950.0221
/leftshoulder_pos_body -101.88522 583.25464 2001.8021
/leftelbow_pos_body -257.57083 428.97003 2000.5321
/lefthand_pos_body -252.91211 654.6715 1873.4192
/rightshoulder_pos_body 159.76682 578.1885 1934.9244
/rightelbow_pos_body 298.24838 416.7048 1870.1724
/righthand_pos_body 265.65973 687.0076 1821.3302
/torso_pos_body 24.094929 393.05948 1963.6201
/torso_pos_body 24.094929 393.05948 1963.6201
/lefthip_pos_body -67.60874 207.07918 1981.0776
/leftknee_pos_body -66.65637 -141.71654 1976.8317
/righthip_pos_body 106.10686 203.71565 1936.6763
/rightknee_pos_body 114.50105 -132.55608 1951.4447
/leftshoulder_pos_body -103.6925 586.9207 2004.5809
/leftelbow_pos_body -256.6418 431.18118 2003.772
/lefthand_pos_body -229.45055 591.3401 1877.7903
/rightshoulder_pos_body 157.09999 582.3282 1936.3346
/rightelbow_pos_body 293.70557 419.73175 1873.1249
/righthand_pos_body 243.7273 689.79614 1821.3529
/torso_pos_body 21.812622 395.8676 1964.4692
/torso_pos_body 21.812622 395.8676 1964.4692
/lefthip_pos_body -71.46099 208.66716 1981.6094
/leftknee_pos_body -69.02833 -136.9257 1978.7238
/righthip_pos_body 105.30399 205.55437 1935.352
/rightknee_pos_body 97.04187 -113.8922 1941.9058
/leftshoulder_pos_body -104.79342 589.34814 2005.7412
/leftelbow_pos_body -257.5576 433.42365 2005.6836
/lefthand_pos_body -239.56659 661.0651 1881.3854
/rightshoulder_pos_body 154.31018 584.7284 1936.4741
/rightelbow_pos_body 290.6438 420.96802 1872.8739
/righthand_pos_body 232.02402 690.51843 1817.3785
/torso_pos_body 19.644505 397.4709 1964.6217
/torso_pos_body 19.644505 397.4709 1964.6217
/lefthip_pos_body -73.85436 209.47942 1981.764
/leftknee_pos_body -74.756386 -129.99141 1980.3049
/righthip_pos_body 102.915596 206.32762 1934.5074
/rightknee_pos_body 102.90371 -116.976364 1947.6871
/leftshoulder_pos_body -106.82249 592.94104 2009.3191
/leftelbow_pos_body -258.8144 434.2412 2008.8519
/lefthand_pos_body -233.99992 663.9334 1884.167
/rightshoulder_pos_body 151.54883 585.2666 1934.271
/rightelbow_pos_body 288.5735 420.6894 1865.8787
/righthand_pos_body 224.8191 693.734 1820.2037
/torso_pos_body 14.56553 399.9686 1964.2908
/torso_pos_body 14.56553 399.9686 1964.2908
/lefthip_pos_body -78.24105 213.35838 1981.4788
/leftknee_pos_body -78.83287 -121.70912 1979.7484
/righthip_pos_body 91.77683 208.30833 1932.0942
/rightknee_pos_body 99.3261 -110.73665 1948.57
/leftshoulder_pos_body -110.39132 594.05505 2011.3298
/leftelbow_pos_body -260.4374 434.33838 2009.5243
/lefthand_pos_body -229.37576 670.7254 1887.0876
/rightshoulder_pos_body 148.94461 585.78955 1933.4563
/rightelbow_pos_body 284.62756 428.95688 1844.7955
/righthand_pos_body 218.05885 699.08777 1823.9606
/torso_pos_body 10.668841 400.81485 1963.7991
/torso_pos_body 10.668841 400.81485 1963.7991
/lefthip_pos_body -81.98997 214.38628 1980.444
/leftknee_pos_body -79.14362 -121.31267 1980.1366
/righthip_pos_body 86.11202 209.02855 1929.9662
/rightknee_pos_body 101.832344 -114.91286 1954.3613
/leftshoulder_pos_body -113.25741 595.538 2011.6163
/leftelbow_pos_body -261.62286 433.74176 2006.3995
/lefthand_pos_body -227.19133 674.329 1887.0663
/rightshoulder_pos_body 144.78116 588.7746 1937.5172
/rightelbow_pos_body 284.00427 429.1275 1851.9719
/righthand_pos_body 220.5017 694.42737 1824.5988
/torso_pos_body 8.222321 402.60397 1965.6129
/torso_pos_body 8.222321 402.60397 1965.6129
/lefthip_pos_body -84.8701 215.29408 1981.2267
/leftknee_pos_body -81.81014 -120.484695 1983.1685
/righthip_pos_body 86.23563 210.80922 1932.0914
/rightknee_pos_body 101.509964 -116.689926 1954.8811
/leftshoulder_pos_body -115.11568 595.46924 2013.4983
/leftelbow_pos_body -262.3675 432.22675 2002.5557
/lefthand_pos_body -223.52557 676.16486 1886.021
/rightshoulder_pos_body 143.59972 590.1219 1941.5686
/rightelbow_pos_body 281.82758 433.64752 1853.7668
/righthand_pos_body 220.49997 700.54614 1832.801
/torso_pos_body 7.507642 403.0309 1967.4187
/torso_pos_body 7.507642 403.0309 1967.4187
/lefthip_pos_body -86.47884 215.06966 1981.5623
/leftknee_pos_body -84.281296 -122.95369 1985.1128
/righthip_pos_body 88.02538 211.46284 1933.0457
/rightknee_pos_body 97.24401 -113.30525 1955.3896
/leftshoulder_pos_body -116.78526 595.5383 2015.3163
/leftelbow_pos_body -263.30634 433.14816 2000.7606
/lefthand_pos_body -222.71072 678.21155 1883.6932
/rightshoulder_pos_body 141.69408 591.4514 1945.3595
/rightelbow_pos_body 282.0193 434.6148 1857.0057
/righthand_pos_body 218.97191 703.0359 1836.9647
/torso_pos_body 6.4385376 403.5927 1969.2045
/torso_pos_body 6.4385376 403.5927 1969.2045
/lefthip_pos_body -87.93826 215.08768 1981.9857
/leftknee_pos_body -86.34242 -124.45175 1987.6559
/righthip_pos_body 88.7836 212.29343 1934.1564
/rightknee_pos_body 95.49651 -111.18341 1957.1337
/leftshoulder_pos_body -119.79926 597.1802 2018.7098
/leftelbow_pos_body -263.67993 432.30896 2000.3411
/lefthand_pos_body -220.48984 678.05646 1884.0847
/rightshoulder_pos_body 141.34819 593.9459 1947.9977
/rightelbow_pos_body 280.08688 444.40332 1850.8966
/righthand_pos_body 220.76544 705.46985 1839.4651
/torso_pos_body 5.232655 405.0376 1971.6016
/torso_pos_body 5.232655 405.0376 1971.6016
/lefthip_pos_body -90.2046 215.62546 1984.1908
/leftknee_pos_body -91.15767 -111.25403 2011.3475
/righthip_pos_body 89.586296 213.39877 1935.5079
/rightknee_pos_body 94.41819 -107.51572 1958.8916
/leftshoulder_pos_body -119.43173 596.4036 2018.7352
/leftelbow_pos_body -264.04086 431.51135 1998.6117
/lefthand_pos_body -218.44347 677.0124 1882.888
/rightshoulder_pos_body 142.15222 592.9136 1948.4156
/rightelbow_pos_body 280.37454 443.92206 1850.3894
/righthand_pos_body 220.76529 707.274 1843.0312
/torso_pos_body 5.716021 404.44623 1972.0197
/torso_pos_body 5.716021 404.44623 1972.0197
/lefthip_pos_body -90.94396 215.44818 1984.9309
/leftknee_pos_body -93.54226 -118.85504 2010.1632
/righthip_pos_body 91.08755 213.01953 1935.9968
/rightknee_pos_body 96.17238 -109.47281 1959.2273
/leftshoulder_pos_body -121.5613 595.76776 2022.8813
/leftelbow_pos_body -267.26334 432.0498 1991.3954
/lefthand_pos_body -215.75056 672.95685 1880.4596
/rightshoulder_pos_body 142.70822 592.1835 1949.7495
/rightelbow_pos_body 280.20264 443.27164 1850.3455
/righthand_pos_body 217.7352 706.3208 1841.8472
/torso_pos_body 4.5745296 403.86 1973.9556
/torso_pos_body 4.5745296 403.86 1973.9556
/lefthip_pos_body -93.30501 214.99054 1987.022
/leftknee_pos_body -96.10926 -124.047 2010.769
/righthip_pos_body 90.45621 212.49817 1936.1694
/rightknee_pos_body 97.153854 -111.66275 1958.3608
/leftshoulder_pos_body -120.34427 595.24866 2022.7812
/leftelbow_pos_body -268.7672 435.84836 1983.2864
/lefthand_pos_body -197.68097 674.69763 1872.9143
/rightshoulder_pos_body 143.0199 591.1614 1950.2974
/rightelbow_pos_body 279.67337 443.33087 1850.3358
/righthand_pos_body 203.66214 700.52405 1833.0028
/torso_pos_body 4.952714 403.25525 1974.0507
/torso_pos_body 4.952714 403.25525 1974.0507
/lefthip_pos_body -92.560135 214.71971 1986.6425
/leftknee_pos_body -94.29349 -124.92174 2004.6406
/righthip_pos_body 89.69536 211.89122 1936.4816
/rightknee_pos_body 97.76612 -113.23241 1960.5355
/leftshoulder_pos_body -121.34664 595.36176 2024.3821
/leftelbow_pos_body -273.87088 480.095 1978.6805
/lefthand_pos_body -179.20728 668.49567 1855.9677
/rightshoulder_pos_body 142.72679 590.95154 1951.9578
/rightelbow_pos_body 278.63495 446.02014 1847.3187
/righthand_pos_body 226.94675 661.2408 1803.7429
/torso_pos_body 3.9143257 403.17633 1975.033
/torso_pos_body 3.9143257 403.17633 1975.033
/lefthip_pos_body -93.494896 214.70964 1986.753
/leftknee_pos_body -93.90226 -123.75093 1999.7915
/righthip_pos_body 87.77206 211.68236 1937.039
/rightknee_pos_body 98.12197 -114.061264 1961.9014
/leftshoulder_pos_body -124.03477 594.83203 2026.7339
/leftelbow_pos_body -272.89923 474.1837 1967.0544
/lefthand_pos_body -214.0293 578.18536 1857.0061
/rightshoulder_pos_body 142.21855 590.85046 1952.4556
/rightelbow_pos_body 269.81146 470.5732 1811.1385
/righthand_pos_body 223.67444 657.31323 1809.5806
/torso_pos_body 2.3786495 403.21866 1975.6952
/torso_pos_body 2.3786495 403.21866 1975.6952
/lefthip_pos_body -93.55876 214.93034 1986.6873
/leftknee_pos_body -94.76896 -122.848434 1996.2317
/righthip_pos_body 84.88956 212.26183 1936.9043
/rightknee_pos_body 96.495346 -112.74553 1962.8854
/leftshoulder_pos_body -125.28894 594.2044 2028.0009
/leftelbow_pos_body -257.40472 505.1814 1936.5122
/lefthand_pos_body -165.32346 632.3099 1844.8878
/rightshoulder_pos_body 141.63016 590.8683 1953.61
/rightelbow_pos_body 263.5172 479.808 1792.3768
/righthand_pos_body 134.20847 641.0708 1805.4806
/torso_pos_body 1.8002152 403.47562 1976.4266
/torso_pos_body 1.8002152 403.47562 1976.4266
/lefthip_pos_body -93.24358 215.52321 1986.7614
/leftknee_pos_body -95.0217 -122.20839 1996.529
/righthip_pos_body 84.10323 213.3066 1937.3344
/rightknee_pos_body 95.81375 -113.16887 1962.8766
/leftshoulder_pos_body -125.60884 594.3843 2027.942
/leftelbow_pos_body -273.96368 513.89044 1925.4073
/lefthand_pos_body -146.37938 651.2045 1837.813
/rightshoulder_pos_body 140.8665 590.9852 1955.0573
/rightelbow_pos_body 262.43497 486.78918 1789.2106
/righthand_pos_body 126.38022 642.88104 1803.3237
/torso_pos_body 1.2134142 404.41327 1976.8243
/torso_pos_body 1.2134142 404.41327 1976.8243
/lefthip_pos_body -93.79187 217.27179 1986.3796
/leftknee_pos_body -96.30935 -121.009796 1997.6772
/righthip_pos_body 83.38785 215.01178 1937.9185
/rightknee_pos_body 96.08172 -113.75845 1963.9563
/leftshoulder_pos_body -124.81559 595.3793 2027.2954
/leftelbow_pos_body -276.08447 514.71564 1929.1584
/lefthand_pos_body -137.62265 661.10425 1835.2491
/rightshoulder_pos_body 140.16823 591.6671 1958.2351
/rightelbow_pos_body 262.81934 490.5933 1788.9669
/righthand_pos_body 120.76314 647.0877 1801.3835
/torso_pos_body 1.0941224 405.67896 1977.6063
/torso_pos_body 1.0941224 405.67896 1977.6063
/lefthip_pos_body -94.29357 219.07877 1985.5919
/leftknee_pos_body -108.19189 -112.46979 2003.3085
/righthip_pos_body 83.317406 216.59067 1939.3029
/rightknee_pos_body 95.103355 -112.61374 1965.5583
/leftshoulder_pos_body -126.34868 594.9312 2026.2057
/leftelbow_pos_body -287.288 516.3333 1927.069
/lefthand_pos_body -134.47519 664.8066 1832.6224
/rightshoulder_pos_body 140.57362 591.714 1958.235
/rightelbow_pos_body 274.11542 509.80722 1831.8982
/righthand_pos_body 108.634 653.54517 1798.8071
/torso_pos_body 1.0226896 405.92902 1977.1755
/torso_pos_body 1.0226896 405.92902 1977.1755
/lefthip_pos_body -93.63939 219.60301 1984.6853
/leftknee_pos_body -104.586845 -113.37819 1997.5627
/righthip_pos_body 83.5052 217.46788 1939.5762
/rightknee_pos_body 95.17674 -111.804794 1965.9305
/leftshoulder_pos_body -127.89056 594.6143 2025.073
/leftelbow_pos_body -294.81085 511.747 1929.2572
/lefthand_pos_body -35.991882 562.49426 1966.2874
/rightshoulder_pos_body 140.09438 591.9554 1957.9241
/rightelbow_pos_body 273.22263 509.98474 1826.9124
/righthand_pos_body 112.75136 656.8075 1789.8075
/torso_pos_body 0.5362532 405.7516 1976.7124
/torso_pos_body 0.5362532 405.7516 1976.7124
/lefthip_pos_body -93.87586 219.09984 1984.1886
/leftknee_pos_body -101.210625 -116.093155 1996.6626
/righthip_pos_body 83.81707 217.33678 1939.664
/rightknee_pos_body 94.91936 -112.000626 1966.006
/leftshoulder_pos_body -127.95567 594.9989 2023.7164
/leftelbow_pos_body -299.84302 508.96844 1934.3601
/lefthand_pos_body -131.94049 670.7857 1834.3295
/rightshoulder_pos_body 139.74327 592.10254 1956.4003
/rightelbow_pos_body 272.03702 505.07474 1814.9369
/righthand_pos_body 95.68393 667.2072 1799.5706
/torso_pos_body 0.49590674 405.53326 1976.682
/torso_pos_body 0.49590674 405.53326 1976.682
/lefthip_pos_body -94.51225 218.48537 1985.8392
/leftknee_pos_body -99.71113 -116.68306 1996.6086
/righthip_pos_body 84.70828 216.54628 1940.7721
/rightknee_pos_body 95.43757 -112.50902 1966.6261
/leftshoulder_pos_body -128.90585 594.6144 2022.3177
/leftelbow_pos_body -300.39154 510.00677 1935.7749
/lefthand_pos_body -136.381 669.6617 1831.2589
/rightshoulder_pos_body 138.37457 592.5585 1955.7684
/rightelbow_pos_body 275.6573 508.3211 1813.91
/righthand_pos_body 95.44989 663.084 1800.1804
/torso_pos_body 0.061179757 405.3825 1976.0883
/torso_pos_body 0.061179757 405.3825 1976.0883
/lefthip_pos_body -94.119255 217.86707 1985.4196
/leftknee_pos_body -98.61202 -116.18948 1994.7344
/righthip_pos_body 84.895226 216.49011 1940.8473
/rightknee_pos_body 95.80346 -110.97272 1965.6176
/leftshoulder_pos_body -129.72086 594.5698 2020.737
/leftelbow_pos_body -300.00946 510.56082 1935.7502
/lefthand_pos_body -121.17381 673.6665 1827.5038
/rightshoulder_pos_body 137.48901 593.42444 1955.1125
/rightelbow_pos_body 278.4876 509.32272 1811.3873
/righthand_pos_body 93.62308 660.93994 1801.863
/torso_pos_body -0.08038129 405.7191 1975.0685
/torso_pos_body -0.08038129 405.7191 1975.0685
/lefthip_pos_body -93.59585 217.82489 1984.2052
/leftknee_pos_body -98.065765 -116.214264 1995.9872
/righthip_pos_body 85.50617 217.05719 1940.2191
/rightknee_pos_body 95.70302 -110.07645 1965.7966
/leftshoulder_pos_body -132.85095 592.39355 2015.835
/leftelbow_pos_body -299.7906 511.6944 1935.9404
/lefthand_pos_body -121.360596 677.6223 1830.6101
/rightshoulder_pos_body 136.46722 592.4962 1953.4753
/rightelbow_pos_body 279.65228 509.38486 1807.395
/righthand_pos_body 110.65999 657.031 1802.3234
/torso_pos_body -0.7621104 404.86346 1973.246
/torso_pos_body -0.7621104 404.86346 1973.246
/lefthip_pos_body -92.68973 217.24796 1982.5272
/leftknee_pos_body -97.6433 -117.144196 1995.8358
/righthip_pos_body 86.025024 217.31607 1941.1464
/rightknee_pos_body 95.935394 -110.34384 1968.6901
/leftshoulder_pos_body -132.53015 592.5295 2016.1305
/leftelbow_pos_body -294.24252 513.2951 1922.9824
/lefthand_pos_body -113.209625 683.6216 1830.6573
/rightshoulder_pos_body 135.55109 593.2819 1953.3163
/rightelbow_pos_body 279.97284 511.38535 1805.8899
/righthand_pos_body 113.99008 653.9871 1802.33
/torso_pos_body -0.70799494 405.21283 1973.0071
/torso_pos_body -0.70799494 405.21283 1973.0071
/lefthip_pos_body -91.88282 217.27028 1982.1342
/leftknee_pos_body -96.48747 -117.278915 1994.0146
/righthip_pos_body 86.029915 217.7696 1940.4474
/rightknee_pos_body 95.99571 -109.64497 1968.1937
/leftshoulder_pos_body -132.01479 592.6549 2016.0483
/leftelbow_pos_body -293.85175 512.5404 1926.6057
/lefthand_pos_body -119.46765 677.1805 1836.575
/rightshoulder_pos_body 134.86864 593.7685 1953.0535
/rightelbow_pos_body 280.72986 512.83905 1804.5767
/righthand_pos_body 103.680145 662.20166 1803.7028
/torso_pos_body -0.6338927 405.32364 1972.4987
/torso_pos_body -0.6338927 405.32364 1972.4987
/lefthip_pos_body -91.45807 217.0652 1981.3981
/leftknee_pos_body -95.96239 -119.18715 1992.2534
/righthip_pos_body 86.068634 217.80592 1939.4948
/rightknee_pos_body 96.33858 -108.76851 1968.1082
/leftshoulder_pos_body -132.12656 592.59937 2016.2776
/leftelbow_pos_body -294.51974 513.28735 1926.6749
/lefthand_pos_body -126.30498 673.63306 1843.2517
/rightshoulder_pos_body 134.20078 593.9254 1952.6816
/rightelbow_pos_body 283.77454 511.94482 1796.1954
/righthand_pos_body 104.55206 656.1537 1805.2758
/torso_pos_body -0.8572137 405.27695 1972.627
/torso_pos_body -0.8572137 405.27695 1972.627
/lefthip_pos_body -91.30092 216.85065 1981.9188
/leftknee_pos_body -94.58425 -120.85449 1987.7975
/righthip_pos_body 85.79784 217.73236 1939.6298
/rightknee_pos_body 97.14253 -109.19763 1967.933
/leftshoulder_pos_body -132.93555 592.40125 2015.7684
/leftelbow_pos_body -295.40912 513.7838 1925.9235
/lefthand_pos_body -134.88846 668.7097 1847.0175
/rightshoulder_pos_body 133.45557 594.2909 1951.9594
/rightelbow_pos_body 284.42627 511.65497 1797.141
/righthand_pos_body 117.45645 652.013 1807.5054
/torso_pos_body -1.1383893 405.35138 1972.4586
/torso_pos_body -1.1383893 405.35138 1972.4586
/lefthip_pos_body -91.179634 216.7279 1982.2861
/leftknee_pos_body -95.58245 -120.507904 1986.5067
/righthip_pos_body 86.10607 217.98547 1939.8206
/rightknee_pos_body 98.0642 -110.05249 1968.1522
/leftshoulder_pos_body -134.16684 592.14496 2014.7196
/leftelbow_pos_body -296.29413 513.3289 1925.3896
/lefthand_pos_body -131.51427 673.88226 1848.1487
/rightshoulder_pos_body 131.81848 594.8589 1950.4967
/rightelbow_pos_body 283.5088 511.22263 1798.1364
/righthand_pos_body 124.35399 646.1399 1805.4553
/torso_pos_body -1.8326029 405.49353 1971.9364
/torso_pos_body -1.8326029 405.49353 1971.9364
/lefthip_pos_body -91.61499 216.57576 1982.7839
/leftknee_pos_body -95.53535 -121.52525 1983.1569
/righthip_pos_body 86.63295 218.39449 1939.7454
/rightknee_pos_body 98.71391 -110.31996 1968.2025
/leftshoulder_pos_body -134.74234 591.7912 2013.5354
/leftelbow_pos_body -297.85406 513.5242 1925.9497
/lefthand_pos_body -142.41837 669.95 1855.1902
/rightshoulder_pos_body 130.6601 595.09015 1949.1272
/rightelbow_pos_body 282.86694 509.20844 1797.134
/righthand_pos_body 122.14172 643.6662 1805.5361
/torso_pos_body -2.182158 405.51904 1971.1249
/torso_pos_body -2.182158 405.51904 1971.1249
/lefthip_pos_body -91.360504 216.49068 1982.5261
/leftknee_pos_body -95.99175 -120.94731 1982.5903
/righthip_pos_body 86.71411 218.70418 1939.3108
/rightknee_pos_body 98.15932 -110.20201 1967.3369
/leftshoulder_pos_body -135.29872 591.01306 2013.1665
/leftelbow_pos_body -296.7541 512.61456 1927.2898
/lefthand_pos_body -127.53891 674.7051 1847.1718
/rightshoulder_pos_body 130.04802 594.81226 1948.1821
/rightelbow_pos_body 281.36658 508.18124 1797.0953
/righthand_pos_body 117.06923 650.195 1806.0801
/torso_pos_body -2.3684216 405.414 1970.7616
/torso_pos_body -2.3684216 405.414 1970.7616
/lefthip_pos_body -90.81769 216.64523 1982.5734
/leftknee_pos_body -96.799576 -121.71808 1984.0048
/righthip_pos_body 86.59468 219.1854 1939.1244
/rightknee_pos_body 98.091324 -109.91681 1966.7538
/leftshoulder_pos_body -136.11823 590.042 2011.6096
/leftelbow_pos_body -298.16876 512.9653 1927.1952
/lefthand_pos_body -177.74622 595.6542 1848.6334
/rightshoulder_pos_body 129.82507 594.1227 1947.3188
/rightelbow_pos_body 280.80426 507.12158 1796.468
/righthand_pos_body 117.294556 651.227 1806.0406
/torso_pos_body -2.5497687 404.76712 1970.0436
/torso_pos_body -2.5497687 404.76712 1970.0436
/lefthip_pos_body -90.72117 216.0898 1982.0823
/leftknee_pos_body -100.11288 -121.08467 1983.9539
/righthip_pos_body 86.81524 218.81398 1939.1636
/rightknee_pos_body 98.155014 -110.07503 1966.4368
/leftshoulder_pos_body -135.85925 589.146 2011.1854
/leftelbow_pos_body -298.53677 512.23694 1926.6616
/lefthand_pos_body -152.5576 669.8695 1846.4491
/rightshoulder_pos_body 129.44272 593.0962 1947.3251
/rightelbow_pos_body 281.85596 507.2729 1796.9321
/righthand_pos_body 111.26387 603.2325 1739.4347
/torso_pos_body -2.6457741 404.05923 1970.021
/torso_pos_body -2.6457741 404.05923 1970.021
/lefthip_pos_body -90.6408 215.67883 1982.1033
/leftknee_pos_body -104.727715 -121.63989 1998.7786
/righthip_pos_body 86.47425 218.31598 1939.4702
/rightknee_pos_body 98.28383 -111.55261 1965.3683
/leftshoulder_pos_body -135.93803 589.0712 2010.8812
/leftelbow_pos_body -298.57123 510.77493 1926.7478
/lefthand_pos_body -142.95