/lefthand_pos_body -333.6063 556.26 1796.4496
/righthand_pos_body 343.6678 597.33234 1703.4767
/lefthand_pos_body -331.8146 608.53076 1770.6611
/righthand_pos_body 320.95422 644.93506 1699.7742
/lefthand_pos_body -334.66003 599.2102 1771.1649
/righthand_pos_body 319.91586 648.3539 1700.7706
/lefthand_pos_body -328.0451 594.29614 1771.1501
/righthand_pos_body 320.90836 647.32007 1698.7847
/lefthand_pos_body -324.57895 585.8983 1771.6127
/righthand_pos_body 326.20935 644.0742 1697.5809
/lefthand_pos_body -324.4281 586.6646 1766.459
/righthand_pos_body 332.62057 634.7953 1698.9877
/lefthand_pos_body -318.2661 582.04456 1762.5653
/righthand_pos_body 332.17047 632.0777 1694.2871
/lefthand_pos_body -318.76382 589.7302 1759.9863
/righthand_pos_body 336.79724 633.39844 1693.8564
/lefthand_pos_body -315.9975 594.4536 1758.0004
/righthand_pos_body 339.6677 632.91614 1693.84
/lefthand_pos_body -315.53616 586.3435 1755.0374
/righthand_pos_body 339.83606 636.6477 1693.758
/lefthand_pos_body -312.1187 588.59454 1753.4637
/righthand_pos_body 341.84787 633.30597 1692.3937
/lefthand_pos_body -310.8879 591.55493 1755.2961
/righthand_pos_body 341.36713 633.2322 1692.3003
/lefthand_pos_body -314.5423 593.58936 1757.7167
/righthand_pos_body 341.16205 634.47095 1693.3096
/lefthand_pos_body -318.1009 599.3116 1761.1292
/righthand_pos_body 348.65106 638.34937 1691.5471
/lefthand_pos_body -346.36316 603.8948 1757.5779
/righthand_pos_body 371.84348 641.9111 1689.9183
/lefthand_pos_body -415.54947 601.3937 1750.2743
/righthand_pos_body 417.86444 607.87537 1683.6674
/lefthand_pos_body -493.89203 582.9087 1737.7488
/righthand_pos_body 504.804 620.44165 1659.6395
/lefthand_pos_body -558.1804 548.0309 1729.4781
/righthand_pos_body 571.449 600.96576 1642.8945
/lefthand_pos_body -589.28644 516.11475 1720.6918
/righthand_pos_body 615.0124 586.88684 1634.5824
/lefthand_pos_body -618.9303 470.08365 1717.4247
/righthand_pos_body 658.1061 552.29944 1629.4303
/lefthand_pos_body -643.23413 388.28052 1738.901
/righthand_pos_body 682.0845 469.9388 1615.0116
/lefthand_pos_body -598.82605 243.72128 1769.7625
/righthand_pos_body 661.5394 287.09702 1591.6316
/lefthand_pos_body -573.2822 180.78777 1784.5852
/righthand_pos_body 538.83154 265.02698 1670.1223
/lefthand_pos_body -544.78644 95.22658 1787.6929
/righthand_pos_body 504.00565 169.8029 1659.0369
/lefthand_pos_body -520.3355 56.5513 1798.0358
/righthand_pos_body 478.10574 119.185394 1653.0001
/lefthand_pos_body -497.3357 26.840424 1807.422
/righthand_pos_body 464.8893 74.24339 1650.0148
/lefthand_pos_body -455.24493 -12.137848 1828.2161
/righthand_pos_body 433.23383 -27.638184 1654.8724
/lefthand_pos_body -441.96353 -33.776825 1833.0293
/righthand_pos_body 418.23132 -59.409363 1664.9502
/lefthand_pos_body -424.38226 -48.88597 1836.0074
/righthand_pos_body 402.69543 -76.239426 1684.0508
/lefthand_pos_body -400.80054 -74.458984 1838.5518
/righthand_pos_body 383.24103 -87.58234 1699.2408
/lefthand_pos_body -399.7696 -78.7643 1829.1472
/righthand_pos_body 389.33835 -93.259705 1693.0363
/lefthand_pos_body -426.30408 -57.68451 1780.309
/righthand_pos_body 371.5972 -26.457733 1679.4138
/lefthand_pos_body -482.6925 -22.467087 1742.3518
/righthand_pos_body 463.34546 46.626297 1623.1433
/lefthand_pos_body -460.55328 -27.115524 1740.0385
/righthand_pos_body 470.46323 14.583847 1595.6438
/lefthand_pos_body -423.36237 -51.682068 1755.1459
/righthand_pos_body 423.30164 -47.401108 1603.8179
/lefthand_pos_body -359.3687 -98.40369 1784.6733
/righthand_pos_body 339.011 -109.543335 1659.1444
/lefthand_pos_body -365.01227 -105.439606 1784.3469
/righthand_pos_body 351.42908 -111.52763 1638.3722
/lefthand_pos_body -395.13693 -80.697464 1768.8226
/righthand_pos_body 341.9072 -64.58922 1632.465
/lefthand_pos_body -461.13577 -44.55771 1735.8119
/righthand_pos_body 449.3941 10.408554 1560.4054
/lefthand_pos_body -507.75964 48.643143 1718.6008
/righthand_pos_body 496.11072 123.844986 1539.7898
/lefthand_pos_body -535.90515 95.09784 1696.6483
/righthand_pos_body 481.91904 211.58167 1560.4568
/lefthand_pos_body -560.82495 207.36568 1686.7805
/righthand_pos_body 516.0491 363.6664 1532.8085
/lefthand_pos_body -543.5719 323.4664 1705.8779
/righthand_pos_body 497.0866 508.26343 1545.7059
/lefthand_pos_body -527.12445 483.5692 1680.0051
/righthand_pos_body 432.2258 607.23065 1583.4127
/lefthand_pos_body -507.73196 545.2334 1672.0477
/righthand_pos_body 411.80832 622.4083 1605.1106
/lefthand_pos_body -478.70435 583.7121 1663.4806
/righthand_pos_body 384.44785 635.178 1614.2781
/lefthand_pos_body -467.2023 587.428 1657.5984
/righthand_pos_body 373.55545 631.17096 1611.857
/lefthand_pos_body -477.18396 581.9243 1651.1312
/righthand_pos_body 365.4307 631.75525 1616.4366
/lefthand_pos_body -497.47592 572.16724 1654.623
/righthand_pos_body 356.46466 636.5814 1619.5968
/lefthand_pos_body -504.10602 558.36206 1654.4061
/righthand_pos_body 351.82346 639.18097 1622.2671
/lefthand_pos_body -511.13797 547.85535 1657.7881
/righthand_pos_body 330.02216 640.6054 1624.6345
/lefthand_pos_body -497.78702 548.9586 1666.244
/righthand_pos_body 303.6482 638.7617 1632.4434
/lefthand_pos_body -425.68604 541.77606 1679.4414
/righthand_pos_body 184.60173 640.15015 1667.2205
/lefthand_pos_body -469.15045 510.45712 1678.0094
/righthand_pos_body 157.39053 617.05194 1680.226
/lefthand_pos_body -596.2581 429.22308 1672.9214
/righthand_pos_body 154.66873 615.1958 1696.4047
/lefthand_pos_body -714.9714 297.26837 1697.4608
/righthand_pos_body 140.81152 610.9726 1699.6333
/lefthand_pos_body -727.708 241.2917 1701.3558
/righthand_pos_body 131.79358 629.6981 1693.4017
/lefthand_pos_body -731.5971 213.9006 1702.996
/righthand_pos_body 129.44453 637.9072 1689.2783
/lefthand_pos_body -746.7848 193.124 1706.4108
/righthand_pos_body 116.760544 643.96606 1682.3883
/lefthand_pos_body -745.78595 181.87396 1715.1338
/righthand_pos_body 134.23187 636.0287 1687.2462
/lefthand_pos_body -744.0312 177.3609 1721.7053
/righthand_pos_body 135.26054 627.98456 1684.3425
/lefthand_pos_body -744.4844 175.67412 1719.4633
/righthand_pos_body 139.65866 623.0909 1686.3473
/lefthand_pos_body -741.61096 174.14334 1716.8236
/righthand_pos_body 142.83922 625.3154 1682.245
/lefthand_pos_body -744.64966 179.31197 1705.3234
/righthand_pos_body 152.46875 630.16974 1684.737
/lefthand_pos_body -745.6453 239.73343 1687.5895
/righthand_pos_body 158.43234 633.08075 1653.9291
/lefthand_pos_body -618.355 439.72946 1598.3472
/righthand_pos_body 329.9291 621.49255 1559.6266
/lefthand_pos_body -517.12866 495.92175 1564.9274
/righthand_pos_body 453.6632 607.174 1561.0857
/lefthand_pos_body -261.32916 518.4184 1556.1836
/righthand_pos_body 677.8649 466.44632 1637.4121
/lefthand_pos_body -210.83147 512.46783 1593.4733
/righthand_pos_body 699.5088 377.88446 1677.5033
/lefthand_pos_body -182.12965 512.5959 1605.3315
/righthand_pos_body 714.4678 330.8891 1709.2693
/lefthand_pos_body -129.57312 522.60266 1597.5284
/righthand_pos_body 720.79 322.1498 1722.3618
/lefthand_pos_body -119.15802 524.7914 1599.1873
/righthand_pos_body 725.5815 311.19876 1726.3245
/lefthand_pos_body -95.5117 532.3045 1598.3171
/righthand_pos_body 731.83606 307.4476 1726.4735
/lefthand_pos_body -99.43419 531.59045 1602.5157
/righthand_pos_body 727.6501 307.50357 1727.2445
/lefthand_pos_body -84.97647 522.34534 1595.8741
/righthand_pos_body 730.10645 316.71063 1729.952
/lefthand_pos_body -89.76036 520.2819 1590.9302
/righthand_pos_body 728.7394 324.39923 1711.7377
/lefthand_pos_body -88.32129 512.5814 1582.0779
/righthand_pos_body 742.88306 343.12982 1700.8077
/lefthand_pos_body -108.44461 513.32764 1531.3091
/righthand_pos_body 739.22363 386.766 1663.9785
/lefthand_pos_body -281.81873 461.53738 1426.1722
/righthand_pos_body 636.75073 432.53406 1565.9052
/lefthand_pos_body -399.88852 370.55692 1414.1027
/righthand_pos_body 591.5792 308.1121 1508.5424
/lefthand_pos_body -428.76288 81.068115 1550.49
/righthand_pos_body 442.8988 -28.544403 1662.2024
/lefthand_pos_body -282.74207 -45.079956 1760.8335
/righthand_pos_body 332.10492 -77.89543 1774.162
/lefthand_pos_body -214.2049 -50.68756 1807.4851
/righthand_pos_body 265.8654 -43.85637 1783.5762
/lefthand_pos_body -150.38643 -