/leftshoulder_pos_body -121.38485 803.6506 3711.525
/leftelbow_pos_body -306.08673 590.0687 3709.9055
/lefthand_pos_body -311.98322 815.3783 3539.8013
/rightshoulder_pos_body 165.68509 805.7703 3642.461
/rightelbow_pos_body 327.6236 575.74036 3618.0327
/righthand_pos_body 328.1653 826.47534 3488.1626
/torso_pos_body 22.258886 556.7541 3669.8345
/torso_pos_body 22.258886 556.7541 3669.8345
/lefthip_pos_body -61.83962 308.1759 3682.9348
/leftknee_pos_body -61.83962 -123.6889 3682.9348
/righthip_pos_body 106.57492 309.41956 3642.4172
/rightknee_pos_body 106.57492 -122.44525 3642.4172
/leftshoulder_pos_body -118.07124 801.55414 3707.8467
/leftelbow_pos_body -276.21478 616.6497 3708.5496
/lefthand_pos_body -293.58072 843.0072 3530.4653
/rightshoulder_pos_body 167.70427 801.83234 3641.1533
/rightelbow_pos_body 301.80804 613.60596 3621.5327
/righthand_pos_body 296.8329 868.1302 3494.3796
/torso_pos_body 23.61905 554.3883 3668.3374
/torso_pos_body 23.61905 554.3883 3668.3374
/lefthip_pos_body -59.634274 307.00348 3681.3247
/leftknee_pos_body -48.349163 -145.25876 3617.8538
/righthip_pos_body 104.47745 307.16327 3643.025
/rightknee_pos_body 125.330574 -160.26706 3680.8596
/leftshoulder_pos_body -120.06319 799.7762 3703.2344
/leftelbow_pos_body -280.5426 607.90283 3696.5781
/lefthand_pos_body -298.73077 844.20044 3527.1636
/rightshoulder_pos_body 178.75143 795.5264 3639.6782
/rightelbow_pos_body 302.35614 629.59906 3636.7502
/righthand_pos_body 298.99402 865.3395 3513.9758
/torso_pos_body 24.864725 551.75073 3666.8384
/torso_pos_body 24.864725 551.75073 3666.8384
/lefthip_pos_body -62.29313 307.026 3679.8057
/leftknee_pos_body -46.105442 -141.86063 3614.2053
/righthip_pos_body 103.06379 304.67432 3644.6353
/rightknee_pos_body 123.85687 -155.96036 3676.4456
/leftshoulder_pos_body -123.41943 799.9371 3691.3174
/leftelbow_pos_body -286.2663 602.80835 3680.245
/lefthand_pos_body -299.1431 856.3157 3521.0825
/rightshoulder_pos_body 175.23428 792.418 3648.749
/rightelbow_pos_body 304.11356 621.10834 3639.1743
/righthand_pos_body 299.53275 856.7021 3508.9607
/torso_pos_body 18.432869 547.30286 3661.5522
/torso_pos_body 18.432869 547.30286 3661.5522
/lefthip_pos_body -73.60804 300.55725 3665.1248
/leftknee_pos_body -42.683052 -135.65405 3610.0696
/righthip_pos_body 95.52468 296.29907 3641.0178
/rightknee_pos_body 116.32697 -146.42096 3660.938
/leftshoulder_pos_body -125.56662 802.3053 3683.9277
/leftelbow_pos_body -307.32623 622.1519 3692.106
/lefthand_pos_body -303.15237 880.37805 3531.4812
/rightshoulder_pos_body 157.1293 797.31555 3651.791
/rightelbow_pos_body 303.60754 612.92596 3644.024
/righthand_pos_body 297.70764 855.0242 3524.9253
/torso_pos_body 10.423645 546.35486 3660.0828
/torso_pos_body 10.423645 546.35486 3660.0828
/lefthip_pos_body -83.958435 294.47064 3662.4265
/leftknee_pos_body -43.36465 -139.16458 3615.9663
/righthip_pos_body 94.09033 291.32794 3642.1858
/rightknee_pos_body 112.57414 -137.83047 3641.95
/leftshoulder_pos_body -125.33553 798.09717 3684.7979
/leftelbow_pos_body -306.76837 659.15515 3707.845
/lefthand_pos_body -307.50082 861.188 3531.3115
/rightshoulder_pos_body 162.74393 790.751 3648.0288
/rightelbow_pos_body 301.59238 610.6775 3642.2202
/righthand_pos_body 300.63123 864.46136 3519.9116
/torso_pos_body 11.579681 541.2829 3661.1697
/torso_pos_body 11.579681 541.2829 3661.1697
/lefthip_pos_body -84.97515 290.4222 3667.3406
/leftknee_pos_body -46.17463 -138.24533 3615.3064
/righthip_pos_body 93.885475 285.86118 3644.5115
/rightknee_pos_body 112.7451 -139.37784 3646.1636
/leftshoulder_pos_body -122.80055 798.4346 3686.9841
/leftelbow_pos_body -312.67017 658.86804 3710.4612
/lefthand_pos_body -307.28723 863.4818 3523.5425
/rightshoulder_pos_body 164.33727 789.69116 3644.1287
/rightelbow_pos_body 299.6149 608.3366 3641.365
/righthand_pos_body 298.39832 863.16113 3509.6042
/torso_pos_body 12.408829 542.14166 3660.9434
/torso_pos_body 12.408829 542.14166 3660.9434
/lefthip_pos_body -86.57664 292.98 3669.8562
/leftknee_pos_body -49.80746 -133.02802 3615.4148
/righthip_pos_body 94.67524 287.46085 3642.8044
/rightknee_pos_body 110.41227 -144.23322 3639.4631
/leftshoulder_pos_body -120.34927 796.8045 3686.056
/leftelbow_pos_body -309.58255 644.19836 3700.9543
/lefthand_pos_body -311.04132 866.96045 3530.397
/rightshoulder_pos_body 158.30746 787.62604 3641.8625
/rightelbow_pos_body 311.3991 645.1489 3614.253
/righthand_pos_body 302.00583 876.7072 3516.9097
/torso_pos_body 10.1361685 538.35724 3660.9243
/torso_pos_body 10.1361685 538.35724 3660.9243
/lefthip_pos_body -89.247406 287.48145 3672.2488
/leftknee_pos_body -49.225834 -132.18494 3615.6987
/righthip_pos_body 91.83389 281.51697 3643.53
/rightknee_pos_body 105.23904 -145.36777 3632.5332
/leftshoulder_pos_body -121.160446 795.86554 3678.7292
/leftelbow_pos_body -312.24973 637.14856 3689.992
/lefthand_pos_body -305.84613 859.0653 3528.4224
/rightshoulder_pos_body 162.7812 789.3497 3651.301
/rightelbow_pos_body 319.47232 644.0323 3604.8997
/righthand_pos_body 292.9949 864.13336 3526.4512
/torso_pos_body 13.916698 538.98944 3653.9
/torso_pos_body 13.916698 538.98944 3653.9
/lefthip_pos_body -77.64935 287.31433 3650.9639
/leftknee_pos_body -46.359005 -129.51929 3623.4478
/righthip_pos_body 91.69539 283.42822 3634.6055
/rightknee_pos_body 104.582886 -147.33432 3629.375
/leftshoulder_pos_body -117.939476 792.194 3673.4683
/leftelbow_pos_body -310.11316 635.17194 3684.5723
/lefthand_pos_body -307.11908 857.6499 3521.7092
/rightshoulder_pos_body 164.16858 784.8699 3655.4521
/rightelbow_pos_body 317.12512 643.6237 3608.2627
/righthand_pos_body 300.21167 869.9508 3528.655
/torso_pos_body 15.614396 532.8932 3650.9421
/torso_pos_body 15.614396 532.8932 3650.9421
/lefthip_pos_body -76.57978 279.45328 3642.8328
/leftknee_pos_body -48.503662 -123.4032 3626.3804
/righthip_pos_body 92.80825 275.0557 3632.0154
/rightknee_pos_body 104.44485 -151.02466 3627.0955
/leftshoulder_pos_body -118.01349 787.43774 3676.1519
/leftelbow_pos_body -309.1667 631.30695 3688.353
/lefthand_pos_body -302.9688 851.41644 3512.1511
/rightshoulder_pos_body 159.5098 786.65125 3651.8828
/rightelbow_pos_body 311.67572 645.35504 3612.0845
/righthand_pos_body 302.41934 869.66003 3517.176
/torso_pos_body 19.10985 526.8767 3653.7146
/torso_pos_body 19.10985 526.8767 3653.7146
/lefthip_pos_body -58.325737 266.9238 3650.0403
/leftknee_pos_body -43.92244 -176.7536 3643.6848
/righthip_pos_body 93.26882 266.4941 3636.7834
/rightknee_pos_body 104.88999 -154.14453 3631.6064
/leftshoulder_pos_body -118.89897 787.0759 3677.8225
/leftelbow_pos_body -303.14465 629.3701 3709.5806
/lefthand_pos_body -303.10065 850.9494 3521.315
/rightshoulder_pos_body 157.56194 785.56274 3652.0374
/rightelbow_pos_body 305.30847 613.3923 3634.9265
/righthand_pos_body 301.99942 870.47473 3520.2039
/torso_pos_body 16.987118 525.8347 3655.0806
/torso_pos_body 16.987118 525.8347 3655.0806
/lefthip_pos_body -64.108894 265.78113 3652.5762
/leftknee_pos_body -46.50476 -179.18951 3657.6265
/righthip_pos_body 93.39441 264.91907 3637.8862
/rightknee_pos_body 100.03178 -177.42075 3653.6353
/leftshoulder_pos_body -118.954735 787.7965 3680.0469
/leftelbow_pos_body -297.14584 629.5426 3708.6309
/lefthand_pos_body -302.47354 847.44336 3508.6418
/rightshoulder_pos_body 157.66887 786.27295 3653.4502
/rightelbow_pos_body 304.42157 624.2668 3636.1233
/righthand_pos_body 324.63248 875.41064 3550.0234
/torso_pos_body 16.869286 527.9613 3655.7148
/torso_pos_body 16.869286 527.9613 3655.7148
/lefthip_pos_body -64.56526 269.3227 3652.2717
/leftknee_pos_body -50.9963 -176.84714 3650.5754
/righthip_pos_body 93.32828 268.45306 3637.0906
/rightknee_pos_body 101.60739 -162.91089 3642.3337
/leftshoulder_pos_body -119.98073 788.15393 3681.52
/leftelbow_pos_body -293.61835 620.39514 3706.316
/lefthand_pos_body -301.07516 834.3552 3511.798
/rightshoulder_pos_body 152.59172 786.66406 3653.523
/rightelbow_pos_body 305.3413 629.0148 3631.0413
/righthand_pos_body 319.10663 880.4515 3527.697
/torso_pos_body 13.898847 534.36584 3657.5571
/torso_pos_body 13.898847 534.36584 3657.5571
/lefthip_pos_body -69.149895 281.76346 3655.876
/leftknee_pos_body -51.738346 -168.3779 3638.8633
/righthip_pos_body 92.1343 280.88187 3639.3096
/rightknee_pos_body 116.357254 -134.78552 3638.012
/leftshoulder_pos_body -119.64285 787.75964 3681.2112
/leftelbow_pos_body -295.33865 614.7719 3699.2766
/lefthand_pos_body -288.73422 844.6198 3501.7102
/rightshoulder_pos_body 153.9014 787.4949 3651.882
/rightelbow_pos_body 308.05182 624.6176 3634.4763
/righthand_pos_body 331.90155 860.09705 3506.925
/torso_pos_body 15.763764 534.64044 3656.095
/torso_pos_body 15.763764 534.64044 3656.095
/lefthip_pos_body -66.66641 281.73212 3654.335
/leftknee_pos_body -50.639183 -153.85724 3633.1365
/righthip_pos_body 95.46292 281.57513 3636.9517
/rightknee_pos_body 131.75401 -121.63559 3624.864
/leftshoulder_pos_body -110.040344 788.31793 3675.548
/leftelbow_pos_body -285.6751 630.1557 3674.419
/lefthand_pos_body -268.6856 844.26166 3493.505
/rightshoulder_pos_body 162.10577 785.55853 3636.7551
/rightelbow_pos_body 316.5907 614.3162 3632.243
/righthand_pos_body 343.3219 839.0245 3496.9036
/torso_pos_body 22.73534 538.8821 3650.6638
/torso_pos_body 22.73534 538.8821 3650.6638
/lefthip_pos_body -62.74095 291.65918 3656.8901
/leftknee_pos_body -47.291847 -131.9815 3630.9443
/righthip_pos_body 101.61687 289.99268 3633.462
/rightknee_pos_body 157.18582 -123.571686 3630.7866
/leftshoulder_pos_body -67.414375 801.45776 3652.8179
/leftelbow_pos_body -260.87488 628.8278 3652.2253
/lefthand_pos_body -241.37947 836.015 3498.9084
/rightshoulder_pos_body 206.12012 792.63025 3637.5967
/rightelbow_pos_body 335.05676 599.8079 3643.37
/righthand_pos_body 349.2021 800.33813 3513.6243
/torso_pos_body 61.269215 566.03326 3633.9126
/torso_pos_body 61.269215 566.03326 3633.9126
/lefthip_pos_body -7.906476 336.9941 3626.0173
/leftknee_pos_body -43.03842 -137.77625 3622.2922
/righthip_pos_body 114.277596 333.051 3619.2185
/rightknee_pos_body 184.8234 -85.55994 3608.1797
/leftshoulder_pos_body -53.841198 808.12317 3650.8416
/leftelbow_pos_body -230.0079 619.8242 3674.7769
/lefthand_pos_body -239.2374 826.3601 3498.9556
/rightshoulder_pos_body 219.32957 794.041 3629.0037
/rightelbow_pos_body 339.81915 600.1904 3641.0232
/righthand_pos_body 358.53073 799.48944 3499.1707
/torso_pos_body 69.45285 557.1858 3630.9368
/torso_pos_body 69.45285 557.1858 3630.9368
/lefthip_pos_body -9.473996 316.67303 3627.198
/leftknee_pos_body -57.354122 -117.66467 3613.4604
/righthip_pos_body 121.797005 309.90594 3616.7039
/rightknee_pos_body 183.35669 -105.1673 3609.1765
/leftshoulder_pos_body -59.32295 800.21436 3649.307
/leftelbow_pos_body -218.97166 602.6516 3689.2524
/lefthand_pos_body -251.00928 812.9178 3471.769
/rightshoulder_pos_body 213.97066 793.6201 3624.972
/rightelbow_pos_body 351.2539 603.0269 3639.7163
/righthand_pos_body 360.3544 828.48645 3470.4846
/torso_pos_body 70.621124 544.7973 3630.1836
/torso_pos_body 70.621124 544.7973 3630.1836
/lefthip_pos_body -14.64703 294.57306 3630.2234
/leftknee_pos_body -83.2587 -126.4704 3624.4338
/righthip_pos_body 142.48383 290.78168 3616.2322
/rightknee_pos_body 186.75798 -111.61685 3610.878
/leftshoulder_pos_body -66.01226 796.46594 3650.2607
/leftelbow_pos_body -230.67917 612.55334 3701.0474
/lefthand_pos_body -268.21024 835.03754 3489.7817
/rightshoulder_pos_body 209.23358 792.2136 3620.0571
/rightelbow_pos_body 348.77908 604.39264 3635.7212
/righthand_pos_body 374.5704 801.60016 3446.4622
/torso_pos_body 67.13706 533.8666 3631.063
/torso_pos_body 67.13706 533.8666 3631.063
/lefthip_pos_body -21.455614 274.69296 3636.1978
/leftknee_pos_body -98.93027 -129.1496 3627.757
/righthip_pos_body 146.78253 272.09384 3617.7363
/rightknee_pos_body 185.20358 -119.09769 3611.0276
/leftshoulder_pos_body -77.70421 792.7009 3645.4153
/leftelbow_pos_body -251.93637 604.2202 3689.8596
/lefthand_pos_body -269.09012 833.7191 3471.7908
/rightshoulder_pos_body 203.52702 788.9468 3613.7097
/rightelbow_pos_body 353.4629 600.4748 3624.76
/righthand_pos_body 392.175 814.6274 3431.2322
/torso_pos_body 59.31429 531.9384 3628.3098
/torso_pos_body 59.31429 531.9384 3628.3098
/lefthip_pos_body -24.870913 274.12875 3636.1426
/leftknee_pos_body -104.33059 -141.90298 3629.2896
/righthip_pos_body 136.30525 271.97714 3617.9717
/rightknee_pos_body 181.37746 -110.969055 3614.043
/leftshoulder_pos_body -79.82913 793.5691 3651.5928
/leftelbow_pos_body -259.22394 600.7724 3686.3079
/lefthand_pos_body -277.9648 853.90796 3481.9353
/rightshoulder_pos_body 199.35034 783.8971 3608.04
/rightelbow_pos_body 357.22784 599.24646 3616.1404
/righthand_pos_body 403.65726 819.3421 3412.163
/torso_pos_body 50.483215 529.0105 3628.025
/torso_pos_body 50.483215 529.0105 3628.025
/lefthip_pos_body -41.28408 272.14572 3639.102
/leftknee_pos_body -114.124626 -146.17111 3629.322
/righthip_pos_body 123.695724 266.43015 3613.3647
/rightknee_pos_body 166.09381 -121.94458 3612.2896
/leftshoulder_pos_body -79.56695 793.1666 3651.5164
/leftelbow_pos_body -264.1255 596.9086 3682.543
/lefthand_pos_body -296.32712 846.1606 3491.778
/rightshoulder_pos_body 195.13205 783.32837 3604.5403
/rightelbow_pos_body 366.22656 612.9405 3605.8132
/righthand_pos_body 401.31332 822.8668 3388.735
/torso_pos_body 48.08923 530.2383 3625.3809
/torso_pos_body 48.08923 530.2383 3625.3809
/lefthip_pos_body -39.88954 275.03287 3636.1208
/leftknee_pos_body -132.08008 -153.43506 3633.2012
/righthip_pos_body 116.68136 269.42532 3609.346
/rightknee_pos_body 159.32417 -123.81726 3607.1155
/leftshoulder_pos_body -82.79281 789.9857 3650.394
/leftelbow_pos_body -266.2401 593.55115 3681.0002
/lefthand_pos_body -318.42566 836.17926 3472.7034
/rightshoulder_pos_body 193.13863 783.2721 3607.2168
/rightelbow_pos_body 362.94485 609.80566 3611.3508
/righthand_pos_body 371.26996 819.46686 3404.537
/torso_pos_body 48.452038 527.5063 3626.1455
/torso_pos_body 48.452038 527.5063 3626.1455
/lefthip_pos_body -40.741196 270.3903 3636.3906
/leftknee_pos_body -130.43588 -152.10397 3636.0676
/righthip_pos_body 124.203545 266.3771 3610.5806
/rightknee_pos_body 157.04648 -133.14453 3602.5908
/leftshoulder_pos_body -90.74146 785.9169 3645.6196
/leftelbow_pos_body -298.00848 594.26666 3672.8625
/lefthand_pos_body -332.53815 843.5097 3451.806
/rightshoulder_pos_body 191.37949 783.53735 3606.9941
/rightelbow_pos_body 364.21085 608.85547 3603.776
/righthand_pos_body 353.4824 823.73474 3414.654
/torso_pos_body 47.98235 527.0046 3625.1172
/torso_pos_body 47.98235 527.0046 3625.1172
/lefthip_pos_body -37.549686 269.9838 3635.3179
/leftknee_pos_body -125.57683 -152.95529 3633.2517
/righthip_pos_body 128.84105 268.58035 3612.537
/rightknee_pos_body 179.63463 -119.67691 3588.8025
/leftshoulder_pos_body -93.59557 779.4636 3642.5947
/leftelbow_pos_body -319.398 609.7685 3678.975
/lefthand_pos_body -319.558 812.60034 3449.1353
/rightshoulder_pos_body 184.65932 780.577 3607.0674
/rightelbow_pos_body 366.41992 611.01373 3597.2224
/righthand_pos_body 426.8691 793.7884 3373.8762
/torso_pos_body 46.588223 523.7617 3625.0735
/torso_pos_body 46.588223 523.7617 3625.0735
/lefthip_pos_body -37.45457 267.16263 3636.1814
/leftknee_pos_body -107.81804 -161.24292 3616.249
/righthip_pos_body 132.74373 267.84366 3614.4504
/rightknee_pos_body 175.3324 -128.18958 3585.8584
/leftshoulder_pos_body -97.70528 775.4543 3638.1118
/leftelbow_pos_body -323.98007 617.5148 3657.2783
/lefthand_pos_body -294.7765 809.5887 3450.5496
/rightshoulder_pos_body 183.51772 778.1031 3605.9385
/rightelbow_pos_body 364.0959 611.86536 3601.4631
/righthand_pos_body 458.9803 739.89703 3382.6729
/torso_pos_body 45.433678 521.16394 3623.0725
/torso_pos_body 45.433678 521.16394 3623.0725
/lefthip_pos_body -36.682793 264.75195 3633.8035
/leftknee_pos_body -103.252846 -164.42566 3598.4775
/righthip_pos_body 132.60506 266.34644 3614.4363
/rightknee_pos_body 169.16922 -130.20197 3589.3232
/leftshoulder_pos_body -101.517265 767.4167 3630.4749
/leftelbow_pos_body -331.78378 606.35046 3656.691
/lefthand_pos_body -327.9975 824.7206 3466.2634
/rightshoulder_pos_body 166.95299 755.44495 3585.9534
/rightelbow_pos_body 368.15048 621.3565 3603.638
/righthand_pos_body 510.40454 725.8579 3342.4048
/torso_pos_body 22.452974 499.96075 3616.6243
/torso_pos_body 22.452974 499.96075 3616.6243
/lefthip_pos_body -79.544334 242.58127 3640.2468
/leftknee_pos_body -137.57114 -156.46417 3596.4446
/righthip_pos_body 103.92051 234.40012 3609.822
/rightknee_pos_body 143.66006 -142.5651 3586.831
/leftshoulder_pos_body -108.236404 771.8208 3626.9128
/leftelbow_pos_body -335.74173 611.8097 3662.5176
/lefthand_pos_body -342.83517 840.70996 3470.5183
/rightshoulder_pos_body 146.91508 752.27875 3587.0813
/rightelbow_pos_body 391.20627 622.3954 3574.884
/righthand_pos_body 486.08087 735.4727 3333.2117
/torso_pos_body 0.72024477 509.20505 3611.7773
/torso_pos_body 0.72024477 509.20505 3611.7773
/lefthip_pos_body -100.987 262.724 3629.5286
/leftknee_pos_body -159.8228 -148.84207 3592.79
/righthip_pos_body 65.189285 249.99663 3603.5867
/rightknee_pos_body 126.98596 -133.4394 3597.3662
/leftshoulder_pos_body -114.4279 770.1299 3622.8525
/leftelbow_pos_body -337.36237 609.03455 3662.1292
/lefthand_pos_body -348.11243 832.86505 3464.546
/rightshoulder_pos_body 145.57597 748.5761 3585.2847
/rightelbow_pos_body 388.6657 622.1477 3576.2336
/righthand_pos_body 469.1445 760.87573 3351.9365
/torso_pos_body -4.548246 509.94925 3607.8945
/torso_pos_body -4.548246 509.94925 3607.8945
/lefthip_pos_body -106.79704 267.3536 3623.587
/leftknee_pos_body -177.91937 -153.3222 3600.3374
/righthip_pos_body 57.455967 253.73734 3599.854
/rightknee_pos_body 139.66826 -124.85886 3590.1875
/leftshoulder_pos_body -118.6803 772.7631 3622.627
/leftelbow_pos_body -339.6047 612.8151 3666.1777
/lefthand_pos_body -372.0088 775.0932 3437.0676
/rightshoulder_pos_body 141.70709 750.56146 3585.6758
/rightelbow_pos_body 386.57346 621.23694 3574.3506
/righthand_pos_body 428.87485 805.3689 3330.8054
/torso_pos_body -9.154939 510.41785 3609.463
/torso_pos_body -9.154939 510.41785 3609.463
/lefthip_pos_body -112.421555 266.21606 3626.4958
/leftknee_pos_body -179.50107 -150.3287 3601.683
/righthip_pos_body 52.77501 252.13075 3603.053
/rightknee_pos_body 130.29147 -131.17754 3593.738
/leftshoulder_pos_body -120.970894 773.4196 3623.6582
/leftelbow_pos_body -360.91257 625.7673 3665.8933
/lefthand_pos_body -394.42834 593.1546 3468.864
/rightshoulder_pos_body 146.75787 751.42914 3585.7334
/rightelbow_pos_body 383.11566 631.7657 3561.8987
/righthand_pos_body 284.8495 901.04706 3434.5574
/torso_pos_body -6.91433 516.272 3607.5933
/torso_pos_body -6.91433 516.272 3607.5933
/lefthip_pos_body -114.2973 277.31274 3622.896
/leftknee_pos_body -179.51636 -139.05457 3601.13
/righthip_pos_body 60.852997 262.9264 3598.0854
/rightknee_pos_body 123.11905 -139.28934 3596.6855
/leftshoulder_pos_body -122.969894 773.92267 3624.541
/leftelbow_pos_body -379.4204 634.5808 3669.5254
/lefthand_pos_body -296.36002 451.7119 3510.7275
/rightshoulder_pos_body 149.54485 754.03485 3586.2485
/rightelbow_pos_body 387.4484 684.9971 3522.2207
/righthand_pos_body 245.24875 894.4285 3437.1584
/torso_pos_body -4.514219 519.29535 3605.7861
/torso_pos_body -4.514219 519.29535 3605.7861
/lefthip_pos_body -116.13995 281.4591 3619.361
/leftknee_pos_body -178.40543 -137.86499 3600.1777
/righthip_pos_body 71.50812 267.76477 3592.994
/rightknee_pos_body 119.624565 -140.84537 3596.5881
/leftshoulder_pos_body -134.2189 777.28107 3624.8684
/leftelbow_pos_body -336.5148 693.0068 3745.6343
/lefthand_pos_body -233.17789 747.1653 3485.3733
/rightshoulder_pos_body 148.94766 761.1856 3585.0774
/rightelbow_pos_body 369.2735 703.79333 3494.519
/righthand_pos_body 293.4119 826.30426 3441.9739
/torso_pos_body -6.5813766 523.9238 3604.9578
/torso_pos_body -6.5813766 523.9238 3604.9578
/lefthip_pos_body -115.87603 284.03406 3618.341
/leftknee_pos_body -176.39005 -137.86179 3600.0361
/righthip_pos_body 74.821754 273.19458 3591.5442
/rightknee_pos_body 120.928085 -139.30115 3590.6272
/leftshoulder_pos_body -149.50142 789.796 3648.228
/leftelbow_pos_body -337.93982 682.4005 3742.342
/lefthand_pos_body -377.29678 784.5894 3610.9534
/rightshoulder_pos_body 123.97872 796.71765 3589.5728
/rightelbow_pos_body 351.62927 746.27563 3513.7275
/righthand_pos_body 452.1291 701.91626 3259.9102
/torso_pos_body -7.8908834 539.93024 3611.715
/torso_pos_body -7.8908834 539.93024 3611.715
/lefthip_pos_body -81.047615 284.6288 3621.265
/leftknee_pos_body -167.80789 -129.71497 3580.4346
/righthip_pos_body 75.00677 288.5784 3587.7947
/rightknee_pos_body 130.08273 -123.41751 3567.2288
/leftshoulder_pos_body -143.5845 777.4619 3657.3765
/leftelbow_pos_body -360.74762 691.318 3734.3154
/lefthand_pos_body -353.96448 930.1211 3607.4639
/rightshoulder_pos_body 129.03976 795.35913 3581.9434
/rightelbow_pos_body 380.95807 752.9432 3510.9004
/righthand_pos_body 439.77838 673.1775 3238.3765
/torso_pos_body 6.775709 536.09 3611.0405
/torso_pos_body 6.775709 536.09 3611.0405
/lefthip_pos_body -38.120945 281.89996 3618.7307
/leftknee_pos_body -164.29292 -123.00992 3576.977
/righthip_pos_body 79.76854 289.6391 3586.1116
/rightknee_pos_body 129.74847 -129.18057 3574.074
/leftshoulder_pos_body -143.1194 773.01373 3677.7983
/leftelbow_pos_body -370.3173 686.6204 3750.3118
/lefthand_pos_body -369.24725 920.4746 3594.7405
/rightshoulder_pos_body 127.08217 795.20685 3581.3076
/rightelbow_pos_body 393.1623 752.8048 3514.9995
/righthand_pos_body 416.53943 658.33295 3263.039
/torso_pos_body 6.7432446 536.4875 3613.9363
/torso_pos_body 6.7432446 536.4875 3613.9363
/lefthip_pos_body -34.98012 284.22522 3618.4907
/leftknee_pos_body -158.45436 -122.292694 3584.0605
/righthip_pos_body 77.99031 293.50415 3578.1484
/rightknee_pos_body 132.93951 -123.5329 3554.7366
/leftshoulder_pos_body -150.74725 774.8767 3676.844
/leftelbow_pos_body -374.08093 687.2548 3751.352
/lefthand_pos_body -377.10794 905.5551 3614.9607
/rightshoulder_pos_body 128.01074 793.87415 3587.5398
/rightelbow_pos_body 378.91547 734.8826 3525.9521
/righthand_pos_body 417.0787 654.963 3285.6128
/torso_pos_body -2.2262943 540.7342 3608.8992
/torso_pos_body -2.2262943 540.7342 3608.8992
/lefthip_pos_body -63.54594 292.291 3608.18
/leftknee_pos_body -155.53734 -122.435455 3592.697
/righthip_pos_body 77.37728 301.89487 3563.033
/rightknee_pos_body 135.85304 -121.047485 3539.5168
/leftshoulder_pos_body -149.98337 771.70013 3672.634
/leftelbow_pos_body -390.9276 666.42175 3726.3872
/lefthand_pos_body -397.5198 903.2788 3613.3271
/rightshoulder_pos_body 125.97278 793.9642 3583.1443
/rightelbow_pos_body 376.01556 735.34235 3521.1
/righthand_pos_body 403.97867 672.8737 3371.5913
/torso_pos_body 0.6313488 540.3973 3606.5413
/torso_pos_body 0.6313488 540.3973 3606.5413
/lefthip_pos_body -58.95806 292.13525 3608.6155
/leftknee_pos_body -153.38533 -122.091034 3590.2043
/righthip_pos_body 85.49404 303.78955 3561.7712
/rightknee_pos_body 139.64343 -122.40927 3538.9856
/leftshoulder_pos_body -150.62737 771.7416 3666.605
/leftelbow_pos_body -392.85434 663.93744 3706.2117
/lefthand_pos_body -451.28418 802.7789 3523.391
/rightshoulder_pos_body 123.678085 792.647 3583.3975
/rightelbow_pos_body 365.6313 733.1944 3527.3374
/righthand_pos_body 390.82224 664.418 3405.4717
/torso_pos_body -1.5392555 540.2292 3603.5554
/torso_pos_body -1.5392555 540.2292 3603.5554
/lefthip_pos_body -64.89833 292.52573 3604.9495
/leftknee_pos_body -145.62971 -126.10397 3591.8591
/righthip_pos_body 85.69058 304.0024 3559.2698
/rightknee_pos_body 142.89409 -122.29553 3534.9934
/leftshoulder_pos_body -158.24142 766.1277 3650.9966
/leftelbow_pos_body -418.49652 701.8962 3669.9155
/lefthand_pos_body -461.16983 827.0863 3465.967
/rightshoulder_pos_body 106.31957 785.25037 3566.9897
/rightelbow_pos_body 331.1898 729.933 3553.817
/righthand_pos_body 387.71677 666.3449 3417.233
/torso_pos_body -11.965913 527.3688 3596.5417
/torso_pos_body -11.965913 527.3688 3596.5417
/lefthip_pos_body -83.424385 272.8719 3611.2246
/leftknee_pos_body -151.35501 -130.78479 3589.495
/righthip_pos_body 87.4826 285.22516 3556.956
/rightknee_pos_body 148.45331 -123.21628 3540.2153
/leftshoulder_pos_body -184.18356 756.09735 3647.4585
/leftelbow_pos_body -440.76593 696.68585 3654.5264
/lefthand_pos_body -483.7468 809.6486 3445.7932
/rightshoulder_pos_body 101.78006 779.9407 3557.336
/rightelbow_pos_body 292.02347 718.87427 3652.9658
/righthand_pos_body 330.29053 420.6491 3742.248
/torso_pos_body -22.43533 518.00275 3595.7983
/torso_pos_body -22.43533 518.00275 3595.7983
/lefthip_pos_body -94.35013 260.4256 3617.7778
/leftknee_pos_body -153.30635 -134.03339 3584.24
/righthip_pos_body 87.0123 275.54742 3560.621
/rightknee_pos_body 157.96506 -120.884766 3542.1687
/leftshoulder_pos_body -187.23657 751.63684 3623.979
/leftelbow_pos_body -442.1535 710.8213 3606.3787
/lefthand_pos_body -435.65802 924.60046 3358.9048
/rightshoulder_pos_body 99.54945 769.67096 3559.9385
/rightelbow_pos_body 282.429 674.2083 3690.2656
/righthand_pos_body 263.47296 374.54504 3840.0432
/torso_pos_body -27.639887 516.03687 3595.6367
/torso_pos_body -27.639887 516.03687 3595.6367
/lefthip_pos_body -101.789505 265.7381 3619.491
/leftknee_pos_body -153.92932 -134.71796 3582.2705
/righthip_pos_body 78.91707 277.1015 3579.1384
/rightknee_pos_body 156.84872 -123.81439 3540.7676
/leftshoulder_pos_body -208.01758 741.2632 3617.8457
/leftelbow_pos_body -439.98242 712.8207 3562.3984
/lefthand_pos_body -427.96594 949.7477 3348.3643
/rightshoulder_pos_body 94.08676 764.1145 3555.7407
/rightelbow_pos_body 256.7826 636.12775 3688.8452
/righthand_pos_body 254.43326 366.22836 3820.4707
/torso_pos_body -38.51827 518.0567 3590.1956
/torso_pos_body -38.51827 518.0567 3590.1956
/lefthip_pos_body -109.04193 276.69473 3611.8882
/leftknee_pos_body -158.95193 -126.10489 3573.261
/righthip_pos_body 68.89968 290.15433 3575.3076
/rightknee_pos_body 158.45113 -135.54822 3547.942
/leftshoulder_pos_body -219.38016 741.3583 3617.2104
/leftelbow_pos_body -443.1371 705.7512 3535.4314
/lefthand_pos_body -405.42255 950.7272 3318.3384
/rightshoulder_pos_body 90.98959 764.22015 3559.1582
/rightelbow_pos_body 255.51926 628.40497 3694.468
/righthand_pos_body 280.54285 365.9097 3731.5674
/torso_pos_body -46.818607 521.9338 3590.1724
/torso_pos_body -46.818607 521.9338 3590.1724
/lefthip_pos_body -117.76643 284.57233 3608.6807
/leftknee_pos_body -161.28195 -125.75571 3571.3994
/righthip_pos_body 58.882576 297.5843 3575.6401
/rightknee_pos_body 158.6571 -136.08923 3547.8835
/leftshoulder_pos_body -224.21832 764.2733 3583.6162
/leftelbow_pos_body -440.56052 683.1975 3533.8186
/lefthand_pos_body -324.09753 592.8824 3317.3574
/rightshoulder_pos_body 79.03611 779.62585 3574.1445
/rightelbow_pos_body 97.91807 744.8549 3701.4158
/righthand_pos_body 266.23615 636.01984 3620.5444
/torso_pos_body -60.49772 536.8347 3584.9785
/torso_pos_body -60.49772 536.8347 3584.9785
/lefthip_pos_body -131.59647 297.50818 3593.675
/leftknee_pos_body -160.82545 -125.21683 3579.5022
/righthip_pos_body 34.787807 305.93152 3588.4783
/rightknee_pos_body 139.58151 -124.43048 3563.508
/leftshoulder_pos_body -210.8534 761.7781 3559.4092
/leftelbow_pos_body -438.03333 682.2918 3548.8965
/lefthand_pos_body -355.72925 552.6801 3382.431
/rightshoulder_pos_body 62.782 761.98987 3589.519
/rightelbow_pos_body 80.40298 743.3587 3703.3323
/righthand_pos_body -44.727493 368.83813 3893.818
/torso_pos_body -75.34344 526.5917 3588.0037
/torso_pos_body -75.34344 526.5917 3588.0037
/lefthip_pos_body -154.76703 291.23886 3592.9478
/leftknee_pos_body -165.4 -131.14578 3559.8992
/righthip_pos_body 1.4646871 291.35983 3610.1387
/rightknee_pos_body 125.79652 -106.13025 3590.5217
/leftshoulder_pos_body -212.08333 749.9738 3546.7708
/leftelbow_pos_body -387.10007 682.96985 3538.7456
/lefthand_pos_body -435.52985 407.40512 3511.6165
/rightshoulder_pos_body 43.838066 747.494 3627.3801
/rightelbow_pos_body 50.348186 723.3995 3712.4924
/righthand_pos_body -63.156002 356.63318 3887.9016
/torso_pos_body -89.74176 510.59564 3597.5894
/torso_pos_body -89.74176 510.59564 3597.5894
/lefthip_pos_body -169.23528 273.1732 3584.8345
/leftknee_pos_body -167.76335 -147.05994 3547.5486
/righthip_pos_body -21.486511 271.74155 3631.372
/rightknee_pos_body 111.375 -83.17087 3610.568
/leftshoulder_pos_body -213.6354 735.8264 3526.9634
/leftelbow_pos_body -388.65863 653.67596 3516.0693
/lefthand_pos_body -437.74066 356.41788 3523.0525
/rightshoulder_pos_body 21.24643 730.754 3637.7212
/rightelbow_pos_body 23.022516 710.8642 3730.1982
/righthand_pos_body -88.36517 363.61563 3896.3037
/torso_pos_body -107.05731 490.59393 3594.264
/torso_pos_body -107.05731 490.59393 3594.264
/lefthip_pos_body -180.92603 249.25829 3576.4753
/leftknee_pos_body -172.8649 -138.07555 3548.3706
/righthip_pos_body -54.91424 246.53697 3635.8958
/rightknee_pos_body 83.09584 -113.9247 3622.9587
/leftshoulder_pos_body -210.8703 730.7322 3522.5918
/leftelbow_pos_body -390.12073 649.42 3512.116
/lefthand_pos_body -438.94696 361.48367 3527.0393
/rightshoulder_pos_body 12.833174 723.1831 3642.8643
/rightelbow_pos_body 6.582375 683.7666 3739.757
/righthand_pos_body -102.25646 365.2813 3900.837
/torso_pos_body -112.79905 474.16702 3592.4927
/torso_pos_body -112.79905 474.16702 3592.4927
/lefthip_pos_body -191.5463 223.56879 3567.3284
/leftknee_pos_body -201.62433 -177.74286 3560.7754
/righthip_pos_body -61.612785 219.18408 3637.1863
/rightknee_pos_body 52.41284 -113.733246 3638.434
/leftshoulder_pos_body -207.22952 729.33606 3518.6487
/leftelbow_pos_body -395.90012 654.30646 3514.5857
/lefthand_pos_body -447.5114 352.67752 3533.345
/rightshoulder_pos_body 5.2607737 720.6548 3648.6658
/rightelbow_pos_body -3.2962399 663.02234 3753.8613
/righthand_pos_body -108.025085 367.49084 3911.4714
/torso_pos_body -116.57757 472.3992 3592.2756
/torso_pos_body -116.57757 472.3992 3592.2756
/lefthip_pos_body -195.26674 222.38075 3562.2874
/leftknee_pos_body -203.7446 -187.47035 3564.619
/righthip_pos_body -69.0748 217.22517 3639.5007
/rightknee_pos_body 27.558022 -141.02025 3649.5654
/leftshoulder_pos_body -206.74756 731.9946 3518.3284
/leftelbow_pos_body -398.38168 664.3991 3518.3489
/lefthand_pos_body -444.1806 349.02332 3533.3823
/rightshoulder_pos_body -2.2262268 721.29144 3662.0784
/rightelbow_pos_body -20.332722 647.4926 3763.8826
/righthand_pos_body -125.44548 366.90085 3919.2632
/torso_pos_body -120.20066 476.0166 3593.8994
/torso_pos_body -120.20066 476.0166 3593.8994
/lefthip_pos_body -200.07657 228.74797 3552.4983
/leftknee_pos_body -203.61263 -187.49394 3556.3733
/righthip_pos_body -71.75228 222.0324 3642.6926
/rightknee_pos_body 35.54428 -173.15962 3662.7527
/leftshoulder_pos_body -199.61562 731.9212 3515.4407
/leftelbow_pos_body -390.8463 644.72845 3544.3752
/lefthand_pos_body -341.7301 472.54352 3445.3257
/rightshoulder_pos_body -4.3316135 720.8774 3666.3762
/rightelbow_pos_body -57.39267 537.30206 3891.9062
/righthand_pos_body -133.08762 287.78186 4031.1511
/torso_pos_body -119.29193 472.44577 3594.7336
/torso_pos_body -119.29193 472.44577 3594.7336
/lefthip_pos_body -196.9321 221.90364 3551.936
/leftknee_pos_body -201.83511 -183.42723 3551.399
/righthip_pos_body -76.2884 215.08089 3645.1816
/rightknee_pos_body 34.896988 -189.15456 3664.96
/leftshoulder_pos_body -203.72495 718.72394 3502.5679
/leftelbow_pos_body -341.8498 556.2286 3533.0562
/lefthand_pos_body -360.9074 624.71747 3434.8745
/rightshoulder_pos_body -11.52228 713.27057 3675.8164
/rightelbow_pos_body -50.218903 502.11423 3879.0273
/righthand_pos_body -101.665634 240.82767 4007.3306
/torso_pos_body -118.69626 462.69928 3593.5032
/torso_pos_body -118.69626 462.69928 3593.5032
/lefthip_pos_body -178.94371 210.79654 3553.4888
/leftknee_pos_body -170.83589 -188.85287 3543.5874
/righthip_pos_body -80.5941 208.00607 3642.1396
/rightknee_pos_body 25.786911 -191.18262 3662.9424
/leftshoulder_pos_body -194.67198 705.04675 3492.6797
/leftelbow_pos_body -268.1705 452.59967 3465.8362
/lefthand_pos_body -252.25522 596.25977 3443.6726
/rightshoulder_pos_body -12.206094 704.9158 3678.1553
/rightelbow_pos_body -21.413872 585.4631 3774.18
/righthand_pos_body 70.254166 560.3596 3399.5718
/torso_pos_body -107.859085 444.68848 3589.582
/torso_pos_body -107.859085 444.68848 3589.582
/lefthip_pos_body -163.4278 184.4324 3541.7542
/leftknee_pos_body -170.22813 -178.73868 3542.8438
/righthip_pos_body -61.130474 184.35898 3645.739
/rightknee_pos_body 70.727585 -197.60901 3656.4785
/leftshoulder_pos_body -172.73763 679.7456 3476.8926
/leftelbow_pos_body -260.59247 450.7439 3456.7434
/lefthand_pos_body 55.88202 610.7952 3516.2544
/rightshoulder_pos_body -60.45515 683.0442 3715.8135
/rightelbow_pos_body -1.8385811 574.99023 3771.6472
/righthand_pos_body 145.23509 508.86218 3483.2476
/torso_pos_body -101.5437 429.84796 3592.7517
/torso_pos_body -101.5437 429.84796 3592.7517
/lefthip_pos_body -119.57009 177.32922 3518.763
/leftknee_pos_body -53.103157 -216.15088 3512.759
/righthip_pos_body -53.41195 179.27277 3659.5378
/rightknee_pos_body 99.371025 -229.3464 3664.1877
/leftshoulder_pos_body -151.56671 674.1295 3461.21
/leftelbow_pos_body -231.02281 452.28546 3445.4553
/lefthand_pos_body 60.773575 574.20807 3509.8633
/rightshoulder_pos_body -63.285473 689.5491 3719.562
/rightelbow_pos_body 2.8645287 568.99756 3772.6167
/righthand_pos_body 336.9492 491.59012 3597.516
/torso_pos_body -83.6641 425.30783 3597.5771
/torso_pos_body -83.6641 425.30783 3597.5771
/lefthip_pos_body -85.99986 164.21805 3528.394
/leftknee_pos_body -50.413773 -216.78842 3519.687
/righthip_pos_body -33.804348 173.33475 3681.1426
/rightknee_pos_body 158.41751 -150.23752 3636.5957
/leftshoulder_pos_body -133.40971 675.505 3454.223
/leftelbow_pos_body -198.4976 458.9405 3440.3342
/lefthand_pos_body 23.68811 598.9672 3371.1167
/rightshoulder_pos_body -64.098495 696.0082 3722.557
/rightelbow_pos_body 25.164116 571.32745 3759.795
/righthand_pos_body 246.29123 580.48376 3463.951
/torso_pos_body -62.61848 425.1819 3598.9663
/torso_pos_body -62.61848 425.1819 3598.9663
/lefthip_pos_body -42.28358 159.93314 3548.3713
/leftknee_pos_body -11.851315 -207.86588 3515.8308
/righthip_pos_body -10.682137 169.28122 3670.714
/rightknee_pos_body 163.01614 -175.57187 3629.0452
/leftshoulder_pos_body -112.43378 679.91486 3455.1157
/leftelbow_pos_body -161.68776 478.99478 3432.2014
/lefthand_pos_body 26.570404 644.7682 3378.7122
/rightshoulder_pos_body -68.3954 692.5855 3727.171
/rightelbow_pos_body 31.510513 568.43005 3767.244
/righthand_pos_body 236.89587 573.35236 3476.6333
/torso_pos_body -42.418766 424.9447 3595.544
/torso_pos_body -42.418766 424.9447 3595.544
/lefthip_pos_body -3.6875267 160.97363 3542.711
/leftknee_pos_body 18.86598 -186.85352 3521.5083
/righthip_pos_body 14.84164 166.30481 3657.1782
/rightknee_pos_body 178.48312 -190.20999 3613.3157
/leftshoulder_pos_body -71.8868 689.639 3460.6133
/leftelbow_pos_body 50.676483 581.7662 3396.9197
/lefthand_pos_body 47.729095 420.7613 3501.6362
/rightshoulder_pos_body -61.56226 696.55615 3731.9893
/rightelbow_pos_body 123.698105 551.3453 3847.412
/righthand_pos_body 390.43488 606.00006 3659.7656
/torso_pos_body -16.159788 432.31857 3601.0247
/torso_pos_body -16.159788 432.31857 3601.0247
/lefthip_pos_body 31.853968 169.83047 3538.6965
/leftknee_pos_body 16.355156 -313.77115 3580.5474
/righthip_pos_body 36.95594 173.24869 3672.7996
/rightknee_pos_body 195.22491 -179.79715 3583.5894
/leftshoulder_pos_body -38.481186 684.8275 3472.9695
/leftelbow_pos_body 68.94167 575.136 3395.562
/lefthand_pos_body -127.69738 610.76715 3525.093
/rightshoulder_pos_body -59.88214 678.8994 3737.1555
/rightelbow_pos_body 126.54152 523.7007 3837.4304
/righthand_pos_body 275.75488 554.4827 3605.7
/torso_pos_body 5.303631 424.71838 3603.706
/torso_pos_body 5.303631 424.71838 3603.706
/lefthip_pos_body 65.356155 169.11542 3533.6245
/leftknee_pos_body -21.286095 -278.09717 3548.198
/righthip_pos_body 54.221695 166.03119 3671.0747
/rightknee_pos_body 221.70676 -203.46085 3557.6023
/leftshoulder_pos_body -2.3596573 679.1251 3506.9197
/leftelbow_pos_body 96.95809 568.0158 3406.2695
/lefthand_pos_body 5.1351852 747.53705 3539.5923
/rightshoulder_pos_body -65.2714 656.82935 3723.8328
/rightelbow_pos_body 114.45765 507.07635 3786.9639
/righthand_pos_body 257.15723 558.59735 3592.1726
/torso_pos_body 42.707664 405.01822 3610.5417
/torso_pos_body 42.707664 405.01822 3610.5417
/lefthip_pos_body 142.73819 150.39014 3524.6565
/leftknee_pos_body -33.16092 -257.90457 3527.6843
/righthip_pos_body 95.72352 133.72827 3686.758
/rightknee_pos_body 293.8442 -237.66458 3563.9143
/leftshoulder_pos_body -24.169502 653.4802 3506.3882
/leftelbow_pos_body 42.806923 566.45703 3411.1248
/lefthand_pos_body 141.73582 746.38116 3464.379
/rightshoulder_pos_body 18.087807 649.1871 3714.834
/rightelbow_pos_body 169.47015 511.2661 3786.335
/righthand_pos_body 256.1826 661.9169 3476.7256
/torso_pos_body 97.73554 366.52115 3584.3152
/torso_pos_body 97.73554 366.52115 3584.3152
/lefthip_pos_body 190.93256 82.47867 3520.6318
/leftknee_pos_body 151.21913 -360.75986 3524.1362
/righthip_pos_body 206.09131 80.93863 3595.4067
/rightknee_pos_body 339.59473 -253.45645 3634.7705
/leftshoulder_pos_body 15.152798 619.0777 3618.3977
/leftelbow_pos_body 75.01788 481.01715 3444.109
/lefthand_pos_body -84.51988 516.1818 3611.8093
/rightshoulder_pos_body 252.90228 654.5601 3545.7502
/rightelbow_pos_body 144.06714 565.86053 3762.2842
/righthand_pos_body 307.36353 622.34045 3442.0608
/torso_pos_body 168.95515 382.89633 3572.359
/torso_pos_body 168.95515 382.89633 3572.359
/lefthip_pos_body 161.76875 122.68852 3575.5122
/leftknee_pos_body 110.072784 -309.1615 3575.9973
/righthip_pos_body 245.99678 135.25896 3549.7754
/rightknee_pos_body 380.71255 -223.60094 3558.6448
/leftshoulder_pos_body 19.391413 631.93896 3623.38
/leftelbow_pos_body -12.597063 395.3145 3667.8137
/lefthand_pos_body 150.91107 256.6383 3523.3484
/rightshoulder_pos_body 268.7322 668.3528 3530.995
/rightelbow_pos_body 332.39038 418.917 3569.8464
/righthand_pos_body 417.41907 117.56802 3442.6875
/torso_pos_body 175.8863 409.34674 3568.1682
/torso_pos_body 175.8863 409.34674 3568.1682
/lefthip_pos_body 140.45274 158.72522 3584.069
/leftknee_pos_body 69.076935 -268.28717 3571.5208
/righthip_pos_body 274.96887 178.37 3534.2288
/rightknee_pos_body 365.83463 -198.95853 3535.5818
/leftshoulder_pos_body 40.496216 628.2256 3647.1714
/leftelbow_pos_body -8.748806 355.04095 3659.8425
/lefthand_pos_body 125.68579 366.80072 3438.0764
/rightshoulder_pos_body 252.6148 652.71326 3493.6392
/rightelbow_pos_body 366.86304 356.7582 3489.4382
/righthand_pos_body 404.9091 33.34906 3406.7656
/torso_pos_body 174.4307 403.70898 3571.1553
/torso_pos_body 174.4307 403.70898 3571.1553
/lefthip_pos_body 138.01422 159.52652 3618.44
/leftknee_pos_body 39.47101 -252.45615 3593.2283
/righthip_pos_body 266.59753 174.37057 3525.3706
/rightknee_pos_body 344.85486 -222.12216 3516.478
/leftshoulder_pos_body 62.13389 623.19086 3681.125
/leftelbow_pos_body 89.14209 410.73547 3770.042
/lefthand_pos_body 63.846283 417.40015 3450.7727
/rightshoulder_pos_body 219.89105 637.09766 3472.087
/rightelbow_pos_body 364.12204 357.24033 3479.38
/righthand_pos_body 342.12454 23.686615 3379.3872
/torso_pos_body 162.59456 387.1818 3576.7297
/torso_pos_body 162.59456 387.1818 3576.7297
/lefthip_pos_body 140.9774 140.41118 3634.0952
/leftknee_pos_body 21.786575 -262.13232 3609.346
/righthip_pos_body 227.37589 148.02751 3519.6118
/rightknee_pos_body 301.9099 -203.63945 3499.0676
/leftshoulder_pos_body 75.30098 635.3945 3696.874
/leftelbow_pos_body 88.8007 436.0708 3772.3267
/lefthand_pos_body 77.356926 402.7635 3440.7273
/rightshoulder_pos_body 169.51216 645.63495 3455.3887
/rightelbow_pos_body 16.312668 476.93835 3425.562
/righthand_pos_body -256.54926 572.91455 3541.9302
/torso_pos_body 145.12007 390.28732 3574.3813
/torso_pos_body 145.12007 390.28732 3574.3813
/lefthip_pos_body 144.43387 137.51645 3632.6104
/leftknee_pos_body 5.1134644 -262.43292 3616.027
/righthip_pos_body 191.23328 142.60342 3512.6523
/rightknee_pos_body 262.44543 -201.31302 3488.0137
/leftshoulder_pos_body 80.907265 643.95807 3698.428
/leftelbow_pos_body 78.54811 447.58057 3758.3484
/lefthand_pos_body 57.04367 423.39188 3439.8303
/rightshoulder_pos_body 140.77103 646.5453 3443.3713
/rightelbow_pos_body 5.949997 473.03497 3425.8203
/righthand_pos_body -325.21466 532.0334 3506.5781
/torso_pos_body 129.20729 393.46994 3572.6567
/torso_pos_body 129.20729 393.46994 3572.6567
/lefthip_pos_body 134.82199 141.13701 3628.7515
/leftknee_pos_body -32.754242 -259.83447 3601.9758
/righthip_pos_body 160.32889 142.23936 3520.0762
/rightknee_pos_body 243.27664 -189.81166 3469.8774
/leftshoulder_pos_body 71.116455 645.24097 3697.417
/leftelbow_pos_body 54.229916 452.53876 3753.4753
/lefthand_pos_body 23.863758 439.1065 3433.7778
/rightshoulder_pos_body 97.21675 646.6842 3434.63
/rightelbow_pos_body -12.644821 479.04785 3415.0042
/righthand_pos_body -351.9431 477.33377 3629.0596
/torso_pos_body 98.190834 394.19272 3566.0337
/torso_pos_body 98.190834 394.19272 3566.0337
/lefthip_pos_body 107.82007 142.17984 3610.2944
/leftknee_pos_body -78.250595 -250.53363 3616.037
/righthip_pos_body 116.61006 142.66586 3521.7935
/rightknee_pos_body 212.71768 -181.86548 3471.4497
/leftshoulder_pos_body 78.425156 647.20575 3697.2236
/leftelbow_pos_body 37.42759 470.5725 3750.1685
/lefthand_pos_body -33.16839 397.63287 3486.8374
/rightshoulder_pos_body 62.745243 647.8743 3426.0615
/rightelbow_pos_body -20.901737 477.91998 3411.539
/righthand_pos_body -238.07872 528.1975 3483.7295
/torso_pos_body 76.743614 395.95773 3560.6663
/torso_pos_body 76.743614 395.95773 3560.6663
/lefthip_pos_body 85.7191 144.2553 3608.4072
/leftknee_pos_body -105.873505 -216.31667 3607.7886
/righthip_pos_body 80.084946 144.49553 3510.9727
/rightknee_pos_body 156.2633 -210.0002 3482.6929
/leftshoulder_pos_body 94.10741 661.8945 3685.2268
/leftelbow_pos_body 40.89502 482.5623 3737.3743
/lefthand_pos_body -8.577568 485.7172 3449.8044
/rightshoulder_pos_body -4.8771973 645.3721 3415.0134
/rightelbow_pos_body -57.265224 468.21475 3413.3357
/righthand_pos_body -303.90363 656.54175 3566.6208
/torso_pos_body 36.390114 407.60925 3568.1765
/torso_pos_body 36.390114 407.60925 3568.1765
/lefthip_pos_body 44.179363 164.25829 3629.9495
/leftknee_pos_body -163.09033 -206.61653 3582.717
/righthip_pos_body 12.150877 158.91216 3542.5164
/rightknee_pos_body -28.640413 -215.26067 3385.5212
/leftshoulder_pos_body 37.294373 673.4452 3684.5435
/leftelbow_pos_body -22.189621 493.99902 3742.6963
/lefthand_pos_body -366.6883 690.2804 3554.8684
/rightshoulder_pos_body -0.52778625 657.6183 3378.3125
/rightelbow_pos_body -45.81588 449.11853 3378.7512
/righthand_pos_body -301.136 627.79285 3486.0388
/torso_pos_body -40.5937 440.30377 3550.3525
/torso_pos_body -40.5937 440.30377 3550.3525
/lefthip_pos_body -89.75581 219.18292 3648.7441
/leftknee_pos_body -198.89066 -168.00311 3513.838
/righthip_pos_body -109.385574 210.96875 3489.81
/rightknee_pos_body -185.18579 -212.96109 3448.357
/leftshoulder_pos_body 28.511877 677.96985 3676.6736
/leftelbow_pos_body -36.320885 498.19183 3738.7876
/lefthand_pos_body -457.10266 690.51544 3523.1067
/rightshoulder_pos_body -28.615921 663.79834 3364.139
/rightelbow_pos_body -90.46297 453.68167 3360.5605
/righthand_pos_body -380.98926 622.2436 3470.9895
/torso_pos_body -60.13297 439.9612 3541.8594
/torso_pos_body -60.13297 439.9612 3541.8594
/lefthip_pos_body -104.93619 212.82828 3646.8938
/leftknee_pos_body -233.73317 -195.81192 3535.3333
/righthip_pos_body -135.49164 205.24844 3479.7312
/rightknee_pos_body -222.78117 -219.9744 3457.1868
/leftshoulder_pos_body 13.534447 681.6662 3666.598
/leftelbow_pos_body -67.04924 500.93338 3731.684
/lefthand_pos_body -369.43335 699.84534 3514.7468
/rightshoulder_pos_body -39.79905 667.5347 3353.8953
/rightelbow_pos_body -123.55776 468.58887 3351.6196
/righthand_pos_body -400.1329 542.8767 3509.434
/torso_pos_body -72.76887 445.56842 3530.7683
/torso_pos_body -72.76887 445.56842 3530.7683
/lefthip_pos_body -116.904495 220.6436 3642.1746
/leftknee_pos_body -290.05887 -180.59724 3549.586
/righthip_pos_body -147.90637 212.42918 3460.4055
/rightknee_pos_body -268.58966 -218.70766 3425.9058
/leftshoulder_pos_body 4.9612427 674.0605 3654.8494
/leftelbow_pos_body -89.0521 500.42352 3724.528
/lefthand_pos_body -413.8778 689.86566 3382.085
/rightshoulder_pos_body -53.427307 664.10156 3342.26
/rightelbow_pos_body -129.9249 477.08282 3345.0208
/righthand_pos_body -356.9187 567.05176 3481.9844
/torso_pos_body -89.22256 447.22235 3517.7625
/torso_pos_body -89.22256 447.22235 3517.7625
/lefthip_pos_body -135.12445 228.61932 3639.1577
/leftknee_pos_body -306.8974 -176.29749 3551.685
/righthip_pos_body -173.29971 222.10803 3434.7827
/rightknee_pos_body -282.8678 -223.7974 3407.1094
/leftshoulder_pos_body -196.59552 712.7687 3585.7002
/leftelbow_pos_body -78.17201 530.3467 3745.0288
/lefthand_pos_body -386.44202 564.5138 3376.5288
/rightshoulder_pos_body -82.40329 669.3458 3337.562
/rightelbow_pos_body -58.93109 456.05753 3340.0894
/righthand_pos_body -364.71127 563.65466 3393.2556
/torso_pos_body -154.52826 459.81952 3495.1804
/torso_pos_body -154.52826 459.81952 3495.1804
/lefthip_pos_body -211.68143 244.60004 3620.2651
/leftknee_pos_body -403.65717 -170.8628 3549.046
/righthip_pos_body -127.4328 212.56354 3437.1943
/rightknee_pos_body -207.18362 -224.10382 3406.191
/leftshoulder_pos_body -246.29367 741.1072 3568.1528
/leftelbow_pos_body -410.06937 618.3328 3615.5256
/lefthand_pos_body -432.43713 495.28876 3496.8455
/rightshoulder_pos_body -6.7967834 708.7762 3475.984
/rightelbow_pos_body 10.103987 485.8764 3475.7449
/righthand_pos_body -374.2315 428.6971 3366.7976
/torso_pos_body -164.26425 470.01794 3513.4792
/torso_pos_body -164.26425 470.01794 3513.4792
/lefthip_pos_body -257.97223 222.65248 3526.437
/leftknee_pos_body -337.4051 -173.36867 3554.5232
/righthip_pos_body -145.99432 207.53596 3483.3433
/rightknee_pos_body -209.29047 -215.21233 3438.201
/leftshoulder_pos_body -256.36734 748.61615 3557.8525
/leftelbow_pos_body -410.7385 596.2657 3631.3943
/lefthand_pos_body -412.65082 568.66534 3437.3564
/rightshoulder_pos_body 15.658373 722.4598 3518.6235
/rightelbow_pos_body 21.704159 497.63562 3510.0315
/righthand_pos_body -348.8107 445.18033 3455.7188
/torso_pos_body -145.14894 465.1112 3546.6157
/torso_pos_body -145.14894 465.1112 3546.6157
/lefthip_pos_body -258.55115 203.20444 3567.7715
/leftknee_pos_body -305.61578 -208.88632 3597.0654
/righthip_pos_body -81.33567 186.16446 3542.2153
/rightknee_pos_body -161.83072 -265.34775 3479.5342
/leftshoulder_pos_body -247.31973 760.55035 3588.3784
/leftelbow_pos_body -392.0467 573.67755 3652.7095
/lefthand_pos_body -396.48932 553.26544 3445.897
/rightshoulder_pos_body 34.62819 730.2897 3564.0342
/rightelbow_pos_body 105.59871 522.9768 3656.0957
/righthand_pos_body -263.26074 439.10434 3430.586
/torso_pos_body -134.81363 481.16058 3574.9824
/torso_pos_body -134.81363 481.16058 3574.9824
/lefthip_pos_body -249.68495 226.17459 3581.219
/leftknee_pos_body -270.03613 -196.9484 3593.1309
/righthip_pos_body -76.87804 207.62772 3566.298
/rightknee_pos_body -58.625584 -179.18481 3536.8958
/leftshoulder_pos_body -228.59564 763.6824 3622.475
/leftelbow_pos_body -381.72723 562.1976 3665.479
/lefthand_pos_body -304.55148 598.95435 3426.763
/rightshoulder_pos_body 44.79279 741.40955 3599.0933
/rightelbow_pos_body 211.07672 604.2128 3656.4653
/righthand_pos_body -213.94476 524.9172 3384.8738
/torso_pos_body -112.82706 494.3742 3612.0413
/torso_pos_body -112.82706 494.3742 3612.0413
/lefthip_pos_body -222.43555 243.42743 3620.883
/leftknee_pos_body -232.43057 -180.22717 3637.3596
/righthip_pos_body -45.069828 228.97748 3605.7136
/rightknee_pos_body 21.17448 -170.73874 3688.7126
/leftshoulder_pos_body -152.947 787.35 3733.7605
/leftelbow_pos_body -397.52594 696.3542 3758.0837
/lefthand_pos_body -365.87994 585.1484 3430.5852
/rightshoulder_pos_body 132.93022 770.44336 3702.2732
/rightelbow_pos_body 357.0783 664.7573 3674.2332
/righthand_pos_body -159.02606 541.8883 3419.0242
/torso_pos_body -24.845028 525.92316 3719.1426
/torso_pos_body -24.845028 525.92316 3719.1426
/lefthip_pos_body -123.2067 277.88928 3729.468
/leftknee_pos_body -193.32127 -136.96182 3657.9822
/righthip_pos_body 43.843388 268.01 3711.0686
/rightknee_pos_body 49.602646 -193.18271 3716.2634
/leftshoulder_pos_body -140.46854 778.5657 3758.3064
/leftelbow_pos_body -386.75958 710.7431 3782.557
/lefthand_pos_body -409.6129 973.3965 3541.8372
/rightshoulder_pos_body 150.13168 760.8667 3728.5881
/rightelbow_pos_body 394.00287 697.2861 3687.1702
/righthand_pos_body 419.6147 952.36743 3518.564
/torso_pos_body -9.92615 522.22864 3746.5322
/torso_pos_body -9.92615 522.22864 3746.5322
/lefthip_pos_body -114.73504 280.22565 3758.8262
/leftknee_pos_body -172.3702 -132.42804 3665.2214
/righthip_pos_body 65.3673 269.25653 3740.4082
/rightknee_pos_body 62.124924 -182.14426 3756.277
/leftshoulder_pos_body -140.10217 781.8435 3789.2346
/leftelbow_pos_body -373.55154 764.71155 3808.0063
/lefthand_pos_body -420.93436 1033.1068 3610.1672
/rightshoulder_pos_body 163.88907 773.19946 3756.5442
/rightelbow_pos_body 399.25864 703.6903 3681.063
/righthand_pos_body 434.6461 1000.0077 3540.8877
/torso_pos_body 5.3896546 530.17285 3777.8135
/torso_pos_body 5.3896546 530.17285 3777.8135
/lefthip_pos_body -91.01245 285.3805 3792.405
/leftknee_pos_body -146.93703 -138.89835 3688.4255
/righthip_pos_body 88.784164 280.26794 3773.07
/rightknee_pos_body 92.88369 -168.392 3798.9941
/leftshoulder_pos_body -136.86116 822.0429 3814.3262
/leftelbow_pos_body -382.73407 789.6889 3827.8027
/lefthand_pos_body -406.02066 1054.6938 3643.4724
/rightshoulder_pos_body 171.37978 815.727 3783.1665
/rightelbow_pos_body 422.74225 740.7572 3708.2058
/righthand_pos_body 424.08185 1032.0181 3591.7043
/torso_pos_body 13.032047 565.918 3808.2036
/torso_pos_body 13.032047 565.918 3808.2036
/lefthip_pos_body -85.18509 314.87695 3827.1624
/leftknee_pos_body -106.19243 -62.11685 3796.9448
/righthip_pos_body 102.79466 311.02527 3808.1594
/rightknee_pos_body 162.75827 -109.41556 3847.8125
/leftshoulder_pos_body -126.562256 830.1493 3858.6333
/leftelbow_pos_body -343.28424 744.55023 3954.2126
/lefthand_pos_body -391.71027 968.80505 3672.6182
/rightshoulder_pos_body 175.03986 824.551 3829.1113
/rightelbow_pos_body 412.48242 715.22687 3825.4602
/righthand_pos_body 423.97818 961.4924 3637.8545
/torso_pos_body 20.093431 587.8772 3846.933
/torso_pos_body 20.093431 587.8772 3846.933
/lefthip_pos_body -79.49447 350.17575 3859.3362
/leftknee_pos_body -104.42341 -59.08972 3806.6829
/righthip_pos_body 111.39059 346.63266 3840.6516
/rightknee_pos_body 152.53227 -81.487885 3866.4675
/leftshoulder_pos_body -74.776924 781.24524 3925.174
/leftelbow_pos_body -299.86914 642.64056 3963.15
/lefthand_pos_body -379.70212 911.3641 3745.29
/rightshoulder_pos_body 191.88644 766.64124 3877.2542
/rightelbow_pos_body 406.10052 570.6379 3894.058
/righthand_pos_body 438.8742 837.9626 3717.2886
/torso_pos_body 44.321537 552.4597 3889.5085
/torso_pos_body 44.321537 552.4597 3889.5085
/lefthip_pos_body -46.862232 335.19043 3891.631
/leftknee_pos_body -85.82837 -79.318115 3849.0657
/righthip_pos_body 107.03886 326.76196 3863.9749
/rightknee_pos_body 171.06528 -77.53314 3875.521
/leftshoulder_pos_body -78.474335 692.2147 3959.0847
/leftelbow_pos_body -303.33185 622.3715 3956.9111
/lefthand_pos_body -404.2358 864.8696 3749.3513
/rightshoulder_pos_body 213.22757 669.1409 3981.2502
/rightelbow_pos_body 406.2873 564.09906 3914.3113
/righthand_pos_body 501.81216 808.63806 3816.5256
/torso_pos_body 51.910698 464.95532 3949.1396
/torso_pos_body 51.910698 464.95532 3949.1396
/lefthip_pos_body -51.607674 256.1978 3921.421
/leftknee_pos_body -82.09028 -189.13013 3925.3699
/righthip_pos_body 124.49723 242.2678 3934.8027
/rightknee_pos_body 192.545 -65.842026 3869.062
/leftshoulder_pos_body -89.98161 700.6699 3970.0332
/leftelbow_pos_body -322.42957 624.4367 3986.1345
/lefthand_pos_body -412.90643 876.4447 3800.6655
/rightshoulder_pos_body 212.0512 688.18677 3969.6074
/rightelbow_pos_body 428.66632 595.88245 3913.619
/righthand_pos_body 486.11514 839.0291 3793.2825
/torso_pos_body 51.662502 468.1121 3956.6436
/torso_pos_body 51.662502 468.1121 3956.6436
/lefthip_pos_body -35.798725 245.02328 3943.577
/leftknee_pos_body -76.92112 -172.65964 3914.1514
/righthip_pos_body 120.379166 238.56839 3943.3567
/rightknee_pos_body 185.25792 -107.05942 3912.6501
/leftshoulder_pos_body -97.34794 721.7543 3979.249
/leftelbow_pos_body -331.70435 626.88983 3992.4565
/lefthand_pos_body -412.23495 890.12366 3787.6445
/rightshoulder_pos_body 208.3776 715.63586 3973.5005
/rightelbow_pos_body 438.71152 623.6557 3923.1047
/righthand_pos_body 459.34708 798.74615 3777.361
/torso_pos_body 50.836388 492.27435 3968.5486
/torso_pos_body 50.836388 492.27435 3968.5486
/lefthip_pos_body -48.97714 267.7575 3962.5112
/leftknee_pos_body -79.63297 -163.72253 3920.2134
/righthip_pos_body 141.29305 263.9497 3958.9336
/rightknee_pos_body 187.9908 -112.53128 3931.014
/leftshoulder_pos_body -94.29878 732.0814 3991.412
/leftelbow_pos_body -335.19537 626.51636 4002.031
/lefthand_pos_body -403.94968 908.38153 3817.0605
/rightshoulder_pos_body 210.1349 729.17395 3969.058
/rightelbow_pos_body 441.898 634.18066 3916.8018
/righthand_pos_body 466.7843 882.29987 3759.0598
/torso_pos_body 55.69281 500.9892 3979.7976
/torso_pos_body 55.69281 500.9892 3979.7976
/lefthip_pos_body -38.22314 272.2264 3986.0928
/leftknee_pos_body -79.404434 -147.49551 3927.4458
/righthip_pos_body 145.15826 270.47507 3972.6274
/rightknee_pos_body 203.57805 -102.96927 3933.8445
/leftshoulder_pos_body -68.21898 708.91644 4011.331
/leftelbow_pos_body -330.43182 606.8927 4025.7073
/lefthand_pos_body -411.53287 832.35834 3851.2476
/rightshoulder_pos_body 208.14221 693.08545 3971.1548
/rightelbow_pos_body 445.25497 602.0902 3911.7722
/righthand_pos_body 459.14548 798.5892 3752.7822
/torso_pos_body 57.75013 450.085 4006.114
/torso_pos_body 57.75013 450.085 4006.114
/lefthip_pos_body -49.928215 204.63773 4034.8635
/leftknee_pos_body -84.83998 -95.10303 3915.6052
/righthip_pos_body 141.00552 193.70035 4007.1067
/rightknee_pos_body 217.54535 -169.7009 3950.1619
/leftshoulder_pos_body -56.54511 628.07635 4000.559
/leftelbow_pos_body -263.38724 493.39197 4048.6768
/lefthand_pos_body -431.0761 673.0186 3880.1218
/rightshoulder_pos_body 206.40082 603.7372 3985.1455
/rightelbow_pos_body 425.3959 410.17908 3929.2783
/righthand_pos_body 516.15765 603.07495 3738.0706
/torso_pos_body 56.029774 398.40762 4013.9102
/torso_pos_body 56.029774 398.40762 4013.9102
/lefthip_pos_body -42.992775 188.32506 4039.6648
/leftknee_pos_body -77.65318 -144.75185 3900.4265
/righthip_pos_body 117.25615 173.49187 4030.2712
/rightknee_pos_body 213.94339 -160.94722 3920.8237
/leftshoulder_pos_body -71.97644 565.5924 3972.2134
/leftelbow_pos_body -261.35443 447.3895 4022.5518
/lefthand_pos_body -463.91864 551.43335 3834.9634
/rightshoulder_pos_body 209.4513 531.61084 3995.143
/rightelbow_pos_body 441.3535 427.77945 3972.005
/righthand_pos_body 542.74475 578.18835 3725.7485
/torso_pos_body 40.515427 353.36908 4040.7285
/torso_pos_body 40.515427 353.36908 4040.7285
/lefthip_pos_body -53.9776 166.13855 4092.3792
/leftknee_pos_body -84.3746 -151.3675 3913.0076
/righthip_pos_body 78.56445 150.13452 4103.178
/rightknee_pos_body 223.65529 -175.00607 3901.1729
/leftshoulder_pos_body -76.287766 559.81 3977.4495
/leftelbow_pos_body -269.93655 460.9329 4045.211
/lefthand_pos_body -478.7411 515.2436 3815.0837
/rightshoulder_pos_body 208.4683 529.63245 4001.6707
/rightelbow_pos_body 451.76642 416.27115 3977.228
/righthand_pos_body 557.3749 563.52686 3725.179
/torso_pos_body 40.191833 346.59842 4047.191
/torso_pos_body 40.191833 346.59842 4047.191
/lefthip_pos_body -56.432594 155.97096 4098.806
/leftknee_pos_body -88.50311 -125.58797 3914.6836
/righthip_pos_body 85.01939 140.9803 4110.838
/rightknee_pos_body 219.96814 -182.24312 3917.3745
/leftshoulder_pos_body -89.63333 575.51294 3990.3633
/leftelbow_pos_body -290.11115 471.7344 4060.3745
/lefthand_pos_body -448.56067 489.89215 3849.3242
/rightshoulder_pos_body 207.48471 553.1254 4007.441
/rightelbow_pos_body 441.2202 448.20013 3994.4497
/righthand_pos_body 531.89044 586.36865 3760.473
/torso_pos_body 39.727135 354.1683 4057.4277
/torso_pos_body 39.727135 354.1683 4057.4277
/lefthip_pos_body -60.644684 150.13376 4111.288
/leftknee_pos_body -95.0 -106.51218 3919.9612
/righthip_pos_body 101.70184 137.9011 4120.619
/rightknee_pos_body 221.92914 -187.59378 3941.469
/leftshoulder_pos_body -92.06123 610.55835 3991.7737
/leftelbow_pos_body -306.0645 590.68933 4094.31
/lefthand_pos_body -468.90692 424.95892 3870.1597
/rightshoulder_pos_body 208.99263 605.4392 4012.5442
/rightelbow_pos_body 437.0597 461.87543 3998.6387
/righthand_pos_body 533.9268 563.53485 3769.1284
/torso_pos_body 51.238804 384.8161 4051.9016
/torso_pos_body 51.238804 384.8161 4051.9016
/lefthip_pos_body -36.67062 163.00533 4096.0776
/leftknee_pos_body -131.92708 -66.14459 4030.9404
/righthip_pos_body 124.69443 160.26149 4107.211
/rightknee_pos_body 233.1926 -158.46513 3987.058
/leftshoulder_pos_body -88.397156 674.8285 4063.5374
/leftelbow_pos_body -296.13867 633.47253 4142.926
/lefthand_pos_body -472.08258 406.075 4013.2368
/rightshoulder_pos_body 205.38324 609.08496 3949.7239
/rightelbow_pos_body 421.11972 581.5218 4015.194
/righthand_pos_body 526.0796 489.56668 3706.3188
/torso_pos_body 54.432034 462.08066 4100.0522
/torso_pos_body 54.432034 462.08066 4100.0522
/lefthip_pos_body -35.271645 301.37012 4226.6523
/leftknee_pos_body -164.86859 -114.9913 4040.0107
/righthip_pos_body 136.0137 263.03906 4160.295
/rightknee_pos_body 271.5937 -85.17035 4079.438
/leftshoulder_pos_body -95.73022 682.0689 4036.65
/leftelbow_pos_body -342.67816 627.4433 4078.2131
/lefthand_pos_body -514.10516 384.69308 4012.3616
/rightshoulder_pos_body 221.85593 638.9785 3992.1475
/rightelbow_pos_body 425.27008 586.7393 4044.3938
/righthand_pos_body 577.83057 305.4745 3800.043
/torso_pos_body 46.813984 463.7912 4088.9304
/torso_pos_body 46.813984 463.7912 4088.9304
/lefthip_pos_body -64.78383 279.9957 4176.823
/leftknee_pos_body -160.32526 -90.45535 4109.7393
/righthip_pos_body 125.91404 254.12167 4150.101
/rightknee_pos_body 276.7251 -95.40402 4098.74
/leftshoulder_pos_body -96.11461 691.579 4041.0803
/leftelbow_pos_body -328.81738 627.1687 4090.7078
/lefthand_pos_body -563.54865 388.33026 4007.878
/rightshoulder_pos_body 217.00572 651.93787 3999.5178
/rightelbow_pos_body 415.00537 568.65015 4031.3713
/righthand_pos_body 613.5309 352.212 3821.5261
/torso_pos_body 44.825245 471.44534 4093.6724
/torso_pos_body 44.825245 471.44534 4093.6724
/lefthip_pos_body -64.70771 283.0216 4179.511
/leftknee_pos_body -194.06 -98.19327 4122.2476
/righthip_pos_body 123.11757 259.24286 4154.58
/rightknee_pos_body 314.20258 -82.819855 4120.5146
/leftshoulder_pos_body -96.097626 678.9861 4042.2754
/leftelbow_pos_body -316.726 599.49866 4107.432
/lefthand_pos_body -530.2993 456.06744 4067.3328
/rightshoulder_pos_body 220.21005 644.006 4016.0596
/rightelbow_pos_body 412.90363 547.6859 4038.5625
/righthand_pos_body 642.0604 385.45923 3836.4639
/torso_pos_body 44.647736 454.3187 4095.564
/torso_pos_body 44.647736 454.3187 4095.564
/lefthip_pos_body -70.28165 257.92612 4170.043
/leftknee_pos_body -223.06587 -105.85837 4120.86
/righthip_pos_body 124.76016 236.35666 4153.878
/rightknee_pos_body 337.7102 -103.11783 4106.6436
/leftshoulder_pos_body -94.36139 673.52637 4049.429
/leftelbow_pos_body -316.0653 606.9333 4101.5854
/lefthand_pos_body -562.9722 487.4402 4154.7305
/rightshoulder_pos_body 218.87646 640.1039 4017.4797
/rightelbow_pos_body 431.58276 529.5491 4038.2383
/righthand_pos_body 662.0995 420.73636 3829.712
/torso_pos_body 45.879345 443.65845 4095.8647
/torso_pos_body 45.879345 443.65845 4095.8647
/lefthip_pos_body -68.07991 240.91365 4168.228
/leftknee_pos_body -240.35262 -130.45326 4124.2886
/righthip_pos_body 127.08223 220.08986 4148.3223
/rightknee_pos_body 346.93207 -106.92613 4097.2144
/leftshoulder_pos_body -92.70519 671.8518 4064.7954
/leftelbow_pos_body -312.63016 609.4818 4103.543
/lefthand_pos_body -447.98322 564.40704 4096.417
/rightshoulder_pos_body 216.73769 640.9424 4022.317
/rightelbow_pos_body 464.37122 554.586 3989.946
/righthand_pos_body 689.21533 431.61124 3852.876
/torso_pos_body 48.07098 437.6407 4101.147
/torso_pos_body 48.07098 437.6407 4101.147
/lefthip_pos_body -58.76839 228.16324 4171.4897
/leftknee_pos_body -238.80547 -143.89331 4127.462
/righthip_pos_body 127.01983 209.60532 4145.986
/rightknee_pos_body 351.95316 -106.387054 4090.4492
/leftshoulder_pos_body -92.80365 674.24084 4062.899
/leftelbow_pos_body -307.43445 603.5807 4114.958
/lefthand_pos_body -461.62732 553.38086 4123.1123
/rightshoulder_pos_body 215.70511 645.0775 4023.2593
/rightelbow_pos_body 459.94403 562.86774 4007.2263
/righthand_pos_body 668.565 411.48718 3838.027
/torso_pos_body 47.932316 437.4872 4101.322
/torso_pos_body 47.932316 437.4872 4101.322
/lefthip_pos_body -58.965023 224.14233 4171.5625
/leftknee_pos_body -239.44255 -155.91129 4128.258
/righthip_pos_body 127.792816 206.48816 4147.5664
/rightknee_pos_body 356.07288 -105.26987 4087.8484
/leftshoulder_pos_body -77.1819 708.9769 4062.7678
/leftelbow_pos_body -293.3294 603.5793 4141.7173
/lefthand_pos_body -382.2228 588.81036 4091.8452
/rightshoulder_pos_body 228.92137 679.4159 4035.8206
/rightelbow_pos_body 451.85394 554.2752 4008.2434
/righthand_pos_body 518.7881 517.57776 3880.263
/torso_pos_body 59.12288 468.21954 4106.9565
/torso_pos_body 59.12288 468.21954 4106.9565
/lefthip_pos_body -59.762524 252.10643 4173.611
/leftknee_pos_body -205.35402 -167.47935 4129.4604
/righthip_pos_body 144.51457 232.37895 4155.6274
/rightknee_pos_body 307.1208 -114.706894 4112.5093
/leftshoulder_pos_body -89.07477 732.17834 4066.6287
/leftelbow_pos_body -298.3 571.23846 4139.622
/lefthand_pos_body -417.26263 547.1194 4122.229
/rightshoulder_pos_body 230.3092 709.34973 4037.3923
/rightelbow_pos_body 443.12598 562.3938 4010.7246
/righthand_pos_body 493.77347 558.75854 3877.9128
/torso_pos_body 58.96913 487.90268 4106.589
/torso_pos_body 58.96913 487.90268 4106.589
/lefthip_pos_body -59.047523 262.6442 4170.9043
/leftknee_pos_body -181.27103 -168.40765 4132.723
/righthip_pos_body 153.68962 247.43839 4151.4307
/rightknee_pos_body 257.513 -133.40128 4134.375
/leftshoulder_pos_body -86.66847 750.6158 4061.0947
/leftelbow_pos_body -267.20154 568.0548 4133.0645
/lefthand_pos_body -406.11914 293.25558 3999.0923
/rightshoulder_pos_body 221.99301 731.5703 4029.9688
/rightelbow_pos_body 326.98267 542.06165 4053.4373
/righthand_pos_body 431.9418 217.0253 4024.2034
/torso_pos_body 58.596107 504.9987 4100.089
/torso_pos_body 58.596107 504.9987 4100.089
/lefthip_pos_body -56.077114 275.42065 4165.2954
/leftknee_pos_body -136.94846 -155.87274 4123.0425
/righthip_pos_body 155.137 262.388 4143.9966
/rightknee_pos_body 229.68977 -141.56516 4146.8643
/leftshoulder_pos_body -96.5249 768.6732 4055.2332
/leftelbow_pos_body -254.54375 561.2108 4103.122
/lefthand_pos_body -352.83237 253.47464 3983.272
/rightshoulder_pos_body 212.80603 754.9431 4027.0083
/rightelbow_pos_body 323.58603 542.0763 4061.7087
/righthand_pos_body 365.96243 196.88269 4091.6616
/torso_pos_body 51.83223 523.3972 4087.9597
/torso_pos_body 51.83223 523.3972 4087.9597
/lefthip_pos_body -57.86354 289.57523 4144.2324
/leftknee_pos_body -115.94808 -150.39737 4119.807
/righthip_pos_body 148.91133 280.39725 4125.365
/rightknee_pos_body 214.12778 -144.08215 4143.8555
/leftshoulder_pos_body -103.8781 777.01697 4058.3196
/leftelbow_pos_body -292.87347 563.2489 4085.8164
/lefthand_pos_body -313.34073 297.3137 3901.3672
/rightshoulder_pos_body 202.12703 765.4336 4021.6223
/rightelbow_pos_body 287.3186 553.927 4089.5422
/righthand_pos_body 296.20822 297.50818 4167.4434
/torso_pos_body 45.25807 528.9692 4084.1978
/torso_pos_body 45.25807 528.9692 4084.1978
/lefthip_pos_body -56.516575 290.41928 4140.166
/leftknee_pos_body -105.18153 -142.74463 4110.2085
/righthip_pos_body 139.29993 283.00693 4116.683
/rightknee_pos_body 200.24597 -148.06497 4136.812
/leftshoulder_pos_body -107.13456 780.2677 4059.4832
/leftelbow_pos_body -286.57596 577.37946 4115.294
/lefthand_pos_body -317.90497 519.92456 3926.7769
/rightshoulder_pos_body 183.90428 772.29553 4025.6545
/rightelbow_pos_body 177.40218 569.3469 4121.852
/righthand_pos_body 245.92204 314.88394 4252.027
/torso_pos_body 35.92025 532.1537 4078.8965
/torso_pos_body 35.92025 532.1537 4078.8965
/lefthip_pos_body -62.316196 290.64917 4126.3564
/leftknee_pos_body -96.93059 -131.03738 4096.0664
/righthip_pos_body 129.22746 285.40234 4104.0923
/rightknee_pos_body 179.81906 -134.48016 4102.5645
/leftshoulder_pos_body -120.64912 775.5488 4052.931
/leftelbow_pos_body -321.6316 642.184 4096.3604
/lefthand_pos_body -362.98886 601.01605 3811.7468
/rightshoulder_pos_body 174.87004 763.7904 4029.8591
/rightelbow_pos_body 177.34932 561.1643 4126.322
/righthand_pos_body 295.29456 316.45032 4096.3706
/torso_pos_body 19.757298 531.34973 4068.669
/torso_pos_body 19.757298 531.34973 4068.669
/lefthip_pos_body -77.88114 296.6222 4102.9917
/leftknee_pos_body -99.45226 -126.07434 4090.517
/righthip_pos_body 102.6894 289.4375 4088.894
/rightknee_pos_body 186.82883 -116.8728 4079.291
/leftshoulder_pos_body -131.1512 774.46313 4044.6226
/leftelbow_pos_body -322.7978 642.9235 4085.3096
/lefthand_pos_body -355.00183 610.0387 3900.69
/rightshoulder_pos_body 149.59297 755.7682 4045.226
/rightelbow_pos_body 180.51122 553.11346 4138.052
/righthand_pos_body 277.58975 303.99567 4110.3867
/torso_pos_body -6.6999183 526.64197 4063.8438
/torso_pos_body -6.6999183 526.64197 4063.8438
/lefthip_pos_body -106.10951 293.7278 4082.5837
/leftknee_pos_body -142.44952 -124.13107 4083.5999
/righthip_pos_body 60.868057 282.60867 4082.9426
/rightknee_pos_body 185.88551 -122.98526 4037.3518
/leftshoulder_pos_body -128.05124 778.1928 4041.4592
/leftelbow_pos_body -321.8932 638.8129 4079.8083
/lefthand_pos_body -360.96082 634.2122 3904.2168
/rightshoulder_pos_body 139.43639 754.1331 4052.175
/rightelbow_pos_body 181.1993 554.75824 4146.2866
/righthand_pos_body 255.38069 321.37354 4136.6294
/torso_pos_body -17.08297 519.06775 4060.5493
/torso_pos_body -17.08297 519.06775 4060.5493
/lefthip_pos_body -125.28371 279.65625 4070.8591
/leftknee_pos_body -179.3097 -156.23343 4084.9863
/righthip_pos_body 45.56667 264.28882 4077.7039
/rightknee_pos_body 165.03662 -109.828 4022.0745
/leftshoulder_pos_body -131.88002 777.0435 4035.677
/leftelbow_pos_body -324.31494 644.66284 4075.0195
/lefthand_pos_body -409.53223 900.0852 3857.9934
/rightshoulder_pos_body 133.10687 749.2531 4052.367
/rightelbow_pos_body 200.44534 495.6416 4184.626
/righthand_pos_body 264.85092 209.16602 4196.0015
/torso_pos_body -26.526682 511.32312 4055.6128
/torso_pos_body -26.526682 511.32312 4055.6128
/lefthip_pos_body -142.34784 268.79834 4061.6182
/leftknee_pos_body -192.67674 -172.20975 4088.5483
/righthip_pos_body 35.014263 250.19751 4072.789
/rightknee_pos_body 135.96452 -104.18091 4016.811
/leftshoulder_pos_body -133.14072 777.24774 4030.919
/leftelbow_pos_body -341.53418 670.036 4056.8225
/lefthand_pos_body -424.96448 935.9302 3838.7527
/rightshoulder_pos_body 129.08386 747.3071 4049.8394
/rightelbow_pos_body 203.78339 502.16382 4193.6694
/righthand_pos_body 279.35507 219.1463 4217.1724
/torso_pos_body -31.79941 509.975 4053.7292
/torso_pos_body -31.79941 509.975 4053.7292
/lefthip_pos_body -152.35393 268.0382 4060.529
/leftknee_pos_body -195.3517 -172.14676 4091.4478
/righthip_pos_body 29.21314 247.30693 4073.6296
/rightknee_pos_body 121.17867 -117.189926 4020.3606
/leftshoulder_pos_body -133.09521 783.1501 4029.5894
/leftelbow_pos_body -348.63254 686.68604 4049.885
/lefthand_pos_body -439.28323 916.9781 3817.1785
/rightshoulder_pos_body 122.8772 750.7473 4037.9697
/rightelbow_pos_body 201.85754 517.1292 4197.943
/righthand_pos_body 388.81644 294.5734 4241.7837
/torso_pos_body -38.157543 510.4064 4051.3015
/torso_pos_body -38.157543 510.4064 4051.3015
/lefthip_pos_body -167.70862 266.08008 4065.664
/leftknee_pos_body -197.09593 -160.30298 4096.2197
/righthip_pos_body 25.296455 241.64813 4071.983
/rightknee_pos_body 113.949265 -138.22476 4032.5078
/leftshoulder_pos_body -151.39505 803.7059 4042.6416
/leftelbow_pos_body -394.20914 737.32886 4064.8286
/lefthand_pos_body -493.0271 806.0624 3890.8982
/rightshoulder_pos_body 121.9396 774.22314 4035.1787
/rightelbow_pos_body 201.20697 542.884 4198.6694
/righthand_pos_body 382.68286 313.01465 4226.183
/torso_pos_body -42.93451 523.43384 4054.8118
/torso_pos_body -42.93451 523.43384 4054.8118
/lefthip_pos_body -167.56491 268.30377 4073.3462
/leftknee_pos_body -195.32187 -152.47916 4100.3135
/righthip_pos_body 25.282318 247.50262 4068.0806
/rightknee_pos_body 109.85032 -143.80914 4048.5623
/leftshoulder_pos_body -157.33307 796.428 4046.5178
/leftelbow_pos_body -404.53375 769.8423 4040.4092
/lefthand_pos_body -489.67487 748.978 3906.3777
/rightshoulder_pos_body 123.97238 779.8677 4034.5754
/rightelbow_pos_body 217.03125 553.1582 4197.2817
/righthand_pos_body 200.61288 814.307 4062.8862
/torso_pos_body -31.528902 520.50275 4061.922
/torso_pos_body -31.528902 520.50275 4061.922
/lefthip_pos_body -143.35506 258.56665 4087.4148
/leftknee_pos_body -181.76205 -120.586426 4087.8088
/righthip_pos_body 50.60014 247.14868 4079.1804
/rightknee_pos_body 133.94984 -139.71414 4044.1775
/leftshoulder_pos_body -148.12427 790.0188 4047.7607
/leftelbow_pos_body -399.75592 761.0311 4055.1487
/lefthand_pos_body -507.00333 415.76047 4026.2488
/rightshoulder_pos_body 129.07867 777.8209 4028.5757
/rightelbow_pos_body 229.77563 551.18335 4186.7715
/righthand_pos_body 228.18593 795.6241 4023.136
/torso_pos_body -19.8092 520.1726 4057.2312
/torso_pos_body -19.8092 520.1726 4057.2312
/lefthip_pos_body -129.81279 260.8132 4083.1956
/leftknee_pos_body -166.27531 -133.77414 4108.076
/righthip_pos_body 69.621574 252.03745 4069.3928
/rightknee_pos_body 156.86597 -152.22034 4071.5005
/leftshoulder_pos_body -143.97122 789.9973 4050.9338
/leftelbow_pos_body -309.15244 649.92596 4175.147
/lefthand_pos_body -495.44733 381.4728 4196.659
/rightshoulder_pos_body 150.76532 787.5299 4032.0042
/rightelbow_pos_body 250.0838 549.38055 4174.1104
/righthand_pos_body 256.3983 789.804 4004.0217
/torso_pos_body 1.9079473 524.50525 4052.7288
/torso_pos_body 1.9079473 524.50525 4052.7288
/lefthip_pos_body -97.10383 261.06326 4070.252
/leftknee_pos_body -144.68138 -145.76581 4083.9622
/righthip_pos_body 97.941505 259.43045 4057.725
/rightknee_pos_body 171.97908 -154.92538 4076.5212
/leftshoulder_pos_body -137.88834 790.19495 4054.954
/leftelbow_pos_body -199.5937 651.1824 4177.5166
/lefthand_pos_body -463.80804 361.62726 4326.794
/rightshoulder_pos_body 169.51413 798.1935 4030.1104
/rightelbow_pos_body 426.79968 667.3088 3971.401
/righthand_pos_body 185.98888 830.31116 4018.4521
/torso_pos_body 23.189394 531.0552 4049.0857
/torso_pos_body 23.189394 531.0552 4049.0857
/lefthip_pos_body -76.89664 265.12 4064.324
/leftknee_pos_body -127.88324 -148.71942 4070.114
/righthip_pos_body 138.02843 270.71228 4046.9543
/rightknee_pos_body 198.0335 -165.35068 4061.3555
/leftshoulder_pos_body -88.05994 787.8483 4072.2483
/leftelbow_pos_body -193.83493 646.3249 4176.0205
/lefthand_pos_body -414.58102 365.4907 4271.8076
/rightshoulder_pos_body 182.68945 802.8973 4036.0027
/rightelbow_pos_body 432.82373 669.03107 3956.7175
/righthand_pos_body 208.97195 857.1561 3992.3933
/torso_pos_body 61.367565 536.7565 4051.7217
/torso_pos_body 61.367565 536.7565 4051.7217
/lefthip_pos_body -24.390274 272.5924 4062.6797
/leftknee_pos_body -37.05362 -151.66302 4029.7559
/righthip_pos_body 175.23103 283.68787 4035.956
/rightknee_pos_body 223.41858 -139.70227 4051.9463
/leftshoulder_pos_body -63.528343 781.878 4093.1833
/leftelbow_pos_body -185.62413 648.96783 4191.53
/lefthand_pos_body -405.59186 371.187 4311.909
/rightshoulder_pos_body 190.02927 805.0059 4032.264
/rightelbow_pos_body 389.2243 700.681 3955.0576
/righthand_pos_body 272.393 825.6932 3973.743
/torso_pos_body 86.060165 538.28796 4060.793
/torso_pos_body 86.060165 538.28796 4060.793
/lefthip_pos_body 19.271988 274.96143 4080.389
/leftknee_pos_body -36.606873 -152.95422 4035.0688
/righthip_pos_body 198.46774 291.30652 4037.3357
/rightknee_pos_body 238.68178 -121.750275 4056.6145
/leftshoulder_pos_body -60.41204 769.82074 4115.344
/leftelbow_pos_body -176.81693 655.4778 4199.522
/lefthand_pos_body -283.62195 468.5233 4382.732
/rightshoulder_pos_body 201.06624 799.87665 4007.886
/rightelbow_pos_body 394.56915 704.18243 3893.548
/righthand_pos_body 369.17227 911.11035 3707.3965
/torso_pos_body 101.395676 535.3329 4067.425
/torso_pos_body 101.395676 535.3329 4067.425
/lefthip_pos_body 54.660797 276.8739 4105.2095
/leftknee_pos_body -5.8263283 -149.44907 4057.2004
/righthip_pos_body 210.2677 294.76025 4041.2607
/rightknee_pos_body 263.2502 -115.40463 4041.2803
/leftshoulder_pos_body -45.103836 764.705 4145.4424
/leftelbow_pos_body -134.4963 542.0432 4253.6226
/lefthand_pos_body -311.80493 412.6269 4364.912
/rightshoulder_pos_body 197.0072 801.90045 4010.475
/rightelbow_pos_body 393.5251 711.5143 3899.471
/righthand_pos_body 356.82632 917.1246 3697.32
/torso_pos_body 114.62912 538.7166 4079.935
/torso_pos_body 114.62912 538.7166 4079.935
/lefthip_pos_body 90.00841 284.406 4117.1978
/leftknee_pos_body 9.156555 -151.6109 4068.6506
/righthip_pos_body 216.6047 303.85498 4046.625
/rightknee_pos_body 262.60486 -100.94513 4051.3137
/leftshoulder_pos_body -21.307152 766.01575 4150.3013
/leftelbow_pos_body -135.13388 555.7682 4255.9014
/lefthand_pos_body -399.98563 318.94556 4329.139
/rightshoulder_pos_body 230.26625 793.5282 4019.6328
/rightelbow_pos_body 381.42236 704.3297 3881.4539
/righthand_pos_body 299.19693 865.78156 3664.1294
/torso_pos_body 132.06422 535.3979 4086.6218
/torso_pos_body 132.06422 535.3979 4086.6218
/lefthip_pos_body 96.32555 284.09866 4121.167
/leftknee_pos_body 14.35524 -146.58163 4076.073
/righthip_pos_body 222.97224 297.949 4055.3862
/rightknee_pos_body 263.10077 -104.812836 4057.7512
/leftshoulder_pos_body -3.1354752 748.0436 4147.28
/leftelbow_pos_body -112.072075 540.64484 4277.084
/lefthand_pos_body -259.95807 401.7827 4339.5576
/rightshoulder_pos_body 225.0635 766.4448 3987.1409
/rightelbow_pos_body 371.37473 707.9361 3881.121
/righthand_pos_body 132.15846 762.09906 3826.8867
/torso_pos_body 135.08191 511.17944 4073.3037
/torso_pos_body 135.08191 511.17944 4073.3037
/lefthip_pos_body 97.762665 260.16058 4122.5107
/leftknee_pos_body 8.750465 -186.19153 4071.639
/righthip_pos_body 220.63693 270.0688 4036.2834
/rightknee_pos_body 258.6314 -86.98288 4056.9385
/leftshoulder_pos_body -14.328468 722.2447 4153.13
/leftelbow_pos_body -91.6201 503.07245 4268.9634
/lefthand_pos_body -332.4378 464.81897 4315.661
/rightshoulder_pos_body 152.93167 750.49866 3957.1768
/rightelbow_pos_body 34.293526 619.6992 3721.7825
/righthand_pos_body 159.43744 852.00696 3852.0361
/torso_pos_body 114.66021 489.84808 4058.3247
/torso_pos_body 114.66021 489.84808 4058.3247
/lefthip_pos_body 102.42906 233.59633 4128.9653
/leftknee_pos_body 22.373756 -183.48167 4092.4355
/righthip_pos_body 217.60858 253.05269 3994.0266
/rightknee_pos_body 231.65266 -111.182816 4008.4678
/leftshoulder_pos_body 7.457344 717.77454 4169.8755
/leftelbow_pos_body -107.985466 503.70624 4268.733
/lefthand_pos_body -388.30563 533.8822 4264.801
/rightshoulder_pos_body 149.07364 743.84534 3951.0645
/rightelbow_pos_body 77.02941 582.7564 3715.578
/righthand_pos_body 132.81277 839.8523 3847.4258
/torso_pos_body 114.90837 479.84204 4054.2834
/torso_pos_body 114.90837 479.84204 4054.2834
/lefthip_pos_body 100.116974 219.40538 4127.568
/leftknee_pos_body 5.5564117 -204.42598 4082.6323
/righthip_pos_body 202.98553 238.34294 3968.6255
/rightknee_pos_body 202.40547 -143.27675 3991.0974
/leftshoulder_pos_body 10.802643 726.77985 4173.662
/leftelbow_pos_body -116.5141 515.5531 4270.171
/lefthand_pos_body -364.21454 615.53064 4301.1675
/rightshoulder_pos_body 146.01117 752.1047 3942.5242
/rightelbow_pos_body 94.01235 537.9967 3747.4656
/righthand_pos_body 81.70564 801.68835 3877.501
/torso_pos_body 106.36614 482.77545 4046.3267
/torso_pos_body 106.36614 482.77545 4046.3267
/lefthip_pos_body 85.13985 216.89609 4118.6426
/leftknee_pos_body -8.928635 -192.58734 4078.8213
/righthip_pos_body 183.51093 235.3212 3950.4778
/rightknee_pos_body 186.5007 -162.66837 3980.438
/leftshoulder_pos_body 36.490173 736.03345 4189.3296
/leftelbow_pos_body -178.73619 702.801 4257.087
/lefthand_pos_body -309.4699 730.1608 4158.146
/rightshoulder_pos_body 126.580345 752.14075 3933.0303
/rightelbow_pos_body 55.63257 524.5185 3760.553
/righthand_pos_body -31.551231 771.4869 3894.7153
/torso_pos_body 76.38796 483.99673 4043.0251
/torso_pos_body 76.38796 483.99673 4043.0251
/lefthip_pos_body 48.763805 219.88776 4088.815
/leftknee_pos_body -45.07102 -204.3541 4081.3972
/righthip_pos_body 93.71752 227.92505 3960.9255
/rightknee_pos_body 140.91913 -122.44916 3926.9263
/leftshoulder_pos_body 38.889328 740.36273 4186.8184
/leftelbow_pos_body -180.42053 708.8279 4235.8584
/lefthand_pos_body -311.50043 734.09235 4129.426
/rightshoulder_pos_body 133.24625 753.38336 3931.004
/rightelbow_pos_body 8.427612 539.12885 3772.545
/righthand_pos_body -116.489204 758.77563 3923.3594
/torso_pos_body 72.70046 489.8463 4040.898
/torso_pos_body 72.70046 489.8463 4040.898
/lefthip_pos_body 30.211761 228.80103 4101.837
/leftknee_pos_body -65.63917 -196.37326 4084.5662
/righthip_pos_body 88.45451 236.83813 3943.933
/rightknee_pos_body 100.78245 -156.23343 3917.9602
/leftshoulder_pos_body 39.821255 743.27905 4183.3374
/leftelbow_pos_body -179.34401 714.59515 4207.9873
/lefthand_pos_body -384.45575 726.8681 4161.827
/rightshoulder_pos_body 138.07092 752.8966 3916.705
/rightelbow_pos_body -28.348267 545.19824 3791.1663
/righthand_pos_body -198.71141 720.74036 3954.7366
/torso_pos_body 71.56883 491.64777 4034.3682
/torso_pos_body 71.56883 491.64777 4034.3682
/lefthip_pos_body 24.035114 232.2557 4100.554
/leftknee_pos_body -89.839554 -179.94357 4095.0354
/righthip_pos_body 84.34804 238.15964 3936.8757
/rightknee_pos_body 75.76765 -154.91742 3885.5657
/leftshoulder_pos_body 69.37529 751.18445 4184.784
/leftelbow_pos_body -183.1798 707.1037 4189.115
/lefthand_pos_body -386.36218 828.1819 4198.623
/rightshoulder_pos_body 151.69093 756.7418 3908.5503
/rightelbow_pos_body -47.750732 562.33734 3813.5564
/righthand_pos_body -236.86412 710.8018 3983.2278
/torso_pos_body 79.688736 492.40024 4032.2136
/torso_pos_body 79.688736 492.40024 4032.2136
/lefthip_pos_body 24.361595 229.18442 4099.919
/leftknee_pos_body -93.46348 -179.38754 4104.8184
/righthip_pos_body 73.327126 232.49026 3935.6008
/rightknee_pos_body 51.57276 -156.09317 3867.8323
/leftshoulder_pos_body 72.7849 745.32886 4181.345
/leftelbow_pos_body -119.62839 526.28064 4045.412
/lefthand_pos_body -335.5869 714.0263 4144.2207
/rightshoulder_pos_body 157.98532 742.50244 3884.5356
/rightelbow_pos_body -42.035904 532.689 3833.9019
/righthand_pos_body -252.53633 600.4655 4028.0405
/torso_pos_body 80.11505 484.0913 4025.29
/torso_pos_body 80.11505 484.0913 4025.29
/lefthip_pos_body 21.878506 225.02884 4097.647
/leftknee_pos_body -99.96268 -175.71747 4075.901
/righthip_pos_body 67.811485 223.5051 3937.6326
/rightknee_pos_body 47.489853 -176.7313 3850.0654
/leftshoulder_pos_body 68.73975 738.3508 4175.483
/leftelbow_pos_body -121.50135 516.14166 4043.1948
/lefthand_pos_body -327.33923 660.66113 4136.8975
/rightshoulder_pos_body 169.53093 737.8118 3875.3652
/rightelbow_pos_body 81.50759 626.61145 3859.7534
/righthand_pos_body -26.157242 547.89795 3939.8025
/torso_pos_body 81.82041 485.02533 4013.3467
/torso_pos_body 81.82041 485.02533 4013.3467
/lefthip_pos_body 22.333359 232.08789 4067.2896
/leftknee_pos_body -104.40083 -182.94363 4066.2795
/righthip_pos_body 66.67761 231.85077 3935.249
/rightknee_pos_body 49.287716 -180.08395 3837.3284
/leftshoulder_pos_body 71.47398 725.116 4171.4854
/leftelbow_pos_body -117.871994 503.14005 4035.6562
/lefthand_pos_body -319.0854 614.49194 4126.528
/rightshoulder_pos_body 192.48141 722.0928 3872.872
/rightelbow_pos_body -13.795105 512.89294 3856.1582
/righthand_pos_body -265.53418 443.34045 3991.745
/torso_pos_body 89.09073 480.96982 4007.2559
/torso_pos_body 89.09073 480.96982 4007.2559
/lefthip_pos_body 10.569771 239.22551 4080.268
/leftknee_pos_body -139.87537 -152.33638 4066.9192
/righthip_pos_body 81.837746 237.44493 3904.3984
/rightknee_pos_body 62.928993 -179.30766 3826.996
/leftshoulder_pos_body 81.27232 732.02203 4168.114
/leftelbow_pos_body -98.13042 523.10516 4064.3723
/lefthand_pos_body -276.026 754.56433 4027.3083
/rightshoulder_pos_body 205.55331 731.64636 3876.506
/rightelbow_pos_body 8.475616 514.59644 3851.136
/righthand_pos_body -273.31888 566.9183 3917.8308
/torso_pos_body 94.45332 488.19894 4001.7578
/torso_pos_body 94.45332 488.19894 4001.7578
/lefthip_pos_body 8.565163 244.67531 4067.8535
/leftknee_pos_body -141.40039 -155.96846 4060.6782
/righthip_pos_body 82.42249 244.45204 3894.5576
/rightknee_pos_body 65.11172 -173.39284 3828.9873
/leftshoulder_pos_body 83.68668 727.7893 4165.2397
/leftelbow_pos_body -105.60374 639.24475 3958.0613
/lefthand_pos_body -352.25974 773.99963 4045.2156
/rightshoulder_pos_body 213.28209 725.7645 3874.4092
/rightelbow_pos_body 1.4708557 523.5363 3845.5356
/righthand_pos_body -248.6982 662.1038 3914.8784
/torso_pos_body 81.44632 476.51 3991.694
/torso_pos_body 81.44632 476.51 3991.694
/lefthip_pos_body -19.634693 226.77498 4039.9612
/leftknee_pos_body -146.02538 -169.834 4058.4822
/righthip_po