/leftshoulder_pos_body -100.306366 212.64284 2130.7104
/leftelbow_pos_body -347.58884 111.76118 2147.8972
/lefthand_pos_body -358.31204 348.56396 2023.6774
/rightshoulder_pos_body 226.09778 228.42288 2054.3691
/rightelbow_pos_body 471.55273 158.43665 1973.9023
/righthand_pos_body 439.28757 408.71326 1884.7861
/torso_pos_body 61.193523 0.19455853 2039.7172
/torso_pos_body 61.193523 0.19455853 2039.7172
/lefthip_pos_body -31.490955 -224.5423 2008.1738
/leftknee_pos_body -31.490955 -633.84534 2008.1738
/righthip_pos_body 150.47365 -215.7452 1965.615
/rightknee_pos_body 150.47365 -625.0483 1965.615
/leftshoulder_pos_body -100.6308 213.7459 2129.1777
/leftelbow_pos_body -338.91724 118.31502 2146.4143
/lefthand_pos_body -357.13315 417.0421 1985.734
/rightshoulder_pos_body 221.95297 227.58739 2055.7234
/rightelbow_pos_body 443.79517 163.51567 1981.5444
/righthand_pos_body 398.64365 475.2245 1881.9373
/torso_pos_body 58.70884 0.6169729 2042.4115
/torso_pos_body 58.70884 0.6169729 2042.4115
/lefthip_pos_body -32.44306 -223.26009 2012.6838
/leftknee_pos_body -43.92511 -554.2138 1928.3075
/righthip_pos_body 145.95625 -215.6053 1972.0612
/rightknee_pos_body 139.24615 -579.5134 1927.9463
/leftshoulder_pos_body -102.948204 217.3759 2120.0051
/leftelbow_pos_body -344.82285 125.37374 2139.1936
/lefthand_pos_body -378.6491 412.76917 1954.8329
/rightshoulder_pos_body 206.10797 228.00058 2054.2158
/rightelbow_pos_body 437.62787 159.06357 1986.7446
/righthand_pos_body 382.55493 465.665 1892.9071
/torso_pos_body 50.225277 6.0734277 2045.7646
/torso_pos_body 50.225277 6.0734277 2045.7646
/lefthip_pos_body -37.136925 -213.49814 2022.7273
/leftknee_pos_body -44.54667 -548.27734 1947.5244
/righthip_pos_body 134.87828 -207.58463 1986.1101
/rightknee_pos_body 149.89333 -568.16003 1898.6735
/leftshoulder_pos_body -104.86656 217.7893 2118.2915
/leftelbow_pos_body -348.3102 126.321304 2137.3384
/lefthand_pos_body -381.56506 414.489 1953.2235
/rightshoulder_pos_body 207.56535 226.62703 2054.412
/rightelbow_pos_body 434.60767 157.32796 1987.9117
/righthand_pos_body 388.2344 463.35217 1891.2947
/torso_pos_body 49.093567 8.869577 2045.803
/torso_pos_body 49.093567 8.869577 2045.803
/lefthip_pos_body -37.25696 -206.8478 2022.448
/leftknee_pos_body -47.111137 -537.16327 1949.3755
/righthip_pos_body 130.93243 -202.09024 1988.0603
/rightknee_pos_body 172.44873 -564.11743 1872.9122
/leftshoulder_pos_body -106.07394 218.62564 2120.2507
/leftelbow_pos_body -349.32492 125.99514 2135.973
/lefthand_pos_body -372.9332 421.23026 1965.0333
/rightshoulder_pos_body 210.92085 227.05872 2055.4946
/rightelbow_pos_body 435.31726 157.1083 1988.7704
/righthand_pos_body 399.1765 465.5825 1886.3463
/torso_pos_body 49.702065 10.456313 2046.8925
/torso_pos_body 49.702065 10.456313 2046.8925
/lefthip_pos_body -37.523323 -204.17763 2023.1747
/leftknee_pos_body -38.152363 -561.2621 1960.8105
/righthip_pos_body 131.48466 -199.68147 1988.6495
/rightknee_pos_body 174.3613 -560.8898 1875.1913
/leftshoulder_pos_body -104.91019 219.59134 2118.4119
/leftelbow_pos_body -346.65082 126.254486 2138.4048
/lefthand_pos_body -353.91794 423.21417 1982.1809
/rightshoulder_pos_body 213.7349 227.68011 2054.9712
/rightelbow_pos_body 451.13736 163.6546 1985.7964
/righthand_pos_body 417.28503 474.42166 1879.544
/torso_pos_body 51.69376 11.956406 2046.0475
/torso_pos_body 51.69376 11.956406 2046.0475
/lefthip_pos_body -37.488483 -201.91779 2022.6178
/leftknee_pos_body -32.059658 -574.82654 1963.4165
/righthip_pos_body 135.43881 -197.52805 1988.1888
/rightknee_pos_body 182.4107 -564.7178 1890.7078
/leftshoulder_pos_body -89.1661 225.48868 2108.7788
/leftelbow_pos_body -319.90228 115.8204 2126.2422
/lefthand_pos_body -325.33325 423.8614 1974.7924
/rightshoulder_pos_body 240.27017 236.54324 2043.2557
/rightelbow_pos_body 478.2634 163.78976 1981.7966
/righthand_pos_body 435.8378 439.64807 1891.0022
/torso_pos_body 74.31452 19.086916 2034.0403
/torso_pos_body 74.31452 19.086916 2034.0403
/lefthip_pos_body -5.7463975 -195.48714 2007.7407
/leftknee_pos_body -21.968943 -584.6401 1962.1042
/righthip_pos_body 151.9004 -190.19713 1976.3856
/rightknee_pos_body 216.86087 -555.5814 1904.4691
/leftshoulder_pos_body -55.37536 226.32625 2097.7476
/leftelbow_pos_body -302.19592 117.46079 2125.2893
/lefthand_pos_body -308.13464 411.78275 1970.3534
/rightshoulder_pos_body 259.7504 238.48808 2037.9463
/rightelbow_pos_body 492.7449 165.99052 1973.1449
/righthand_pos_body 458.087 469.69263 1852.799
/torso_pos_body 104.11834 20.043934 2034.833
/torso_pos_body 104.11834 20.043934 2034.833
/lefthip_pos_body 19.483078 -195.6602 2018.2468
/leftknee_pos_body -12.647308 -593.0298 1949.19
/righthip_pos_body 192.61526 -188.97841 1985.3915
/rightknee_pos_body 250.52332 -527.76746 1910.4641
/leftshoulder_pos_body -35.674675 228.13928 2091.5205
/leftelbow_pos_body -280.4598 121.43981 2122.3887
/lefthand_pos_body -302.26935 411.14246 1970.181
/rightshoulder_pos_body 280.46667 238.02556 2035.1028
/rightelbow_pos_body 503.28427 167.23822 1967.0914
/righthand_pos_body 481.4177 470.00552 1836.2332
/torso_pos_body 123.5225 23.221668 2032.8495
/torso_pos_body 123.5225 23.221668 2032.8495
/lefthip_pos_body 33.562073 -189.48752 2018.6426
/leftknee_pos_body 2.1937141 -558.9412 1943.3557
/righthip_pos_body 215.73592 -183.79063 1986.1322
/rightknee_pos_body 260.29474 -514.4188 1913.8445
/leftshoulder_pos_body -25.96897 230.5279 2090.5017
/leftelbow_pos_body -271.19507 122.58883 2122.749
/lefthand_pos_body -321.28394 413.9135 1984.5443
/rightshoulder_pos_body 289.9724 237.56175 2030.9417
/rightelbow_pos_body 514.78925 168.51404 1958.8116
/righthand_pos_body 491.55615 472.02234 1838.2018
/torso_pos_body 131.09169 25.494593 2031.2651
/torso_pos_body 131.09169 25.494593 2031.2651
/lefthip_pos_body 39.256832 -185.07993 2018.9495
/leftknee_pos_body 2.7381554 -541.37286 1939.01
/righthip_pos_body 221.10648 -181.03136 1984.6678
/rightknee_pos_body 261.88022 -506.7296 1914.2202
/leftshoulder_pos_body -20.580652 229.16489 2092.265
/leftelbow_pos_body -271.38696 121.2469 2125.5337
/lefthand_pos_body -328.59488 412.42365 1989.5374
/rightshoulder_pos_body 294.19382 234.09436 2020.4417
/rightelbow_pos_body 516.3468 168.73666 1958.3376
/righthand_pos_body 492.54773 473.82373 1842.7109
/torso_pos_body 133.29156 25.11194 2026.7742
/torso_pos_body 133.29156 25.11194 2026.7742
/lefthip_pos_body 42.658073 -182.77005 2017.0732
/leftknee_pos_body 2.700077 -536.47485 1936.3403
/righthip_pos_body 216.89502 -180.04144 1977.3169
/rightknee_pos_body 255.86232 -503.46573 1916.441
/leftshoulder_pos_body -24.846485 229.90746 2093.0972
/leftelbow_pos_body -273.66806 122.82771 2126.449
/lefthand_pos_body -337.47675 425.89032 1988.8689
/rightshoulder_pos_body 289.0844 235.10643 2020.4087
/rightelbow_pos_body 515.9575 167.22774 1962.8993
/righthand_pos_body 483.611 479.65594 1861.4354
/torso_pos_body 128.44759 26.211945 2026.1418
/torso_pos_body 128.44759 26.211945 2026.1418
/lefthip_pos_body 37.660336 -181.52577 2015.7018
/leftknee_pos_body 1.7931213 -548.6028 1940.1919
/righthip_pos_body 211.89206 -178.64034 1975.3595
/rightknee_pos_body 232.48854 -513.41034 1898.7509
/leftshoulder_pos_body -28.071903 231.63458 2098.9365
/leftelbow_pos_body -278.77576 126.41398 2133.8652
/lefthand_pos_body -344.47424 424.45065 1999.5059
/rightshoulder_pos_body 284.66943 233.19998 2017.0942
/rightelbow_pos_body 513.2179 164.5112 1959.7281
/righthand_pos_body 472.42712 475.62997 1861.7091
/torso_pos_body 120.71342 27.77057 2025.1155
/torso_pos_body 120.71342 27.77057 2025.1155
/lefthip_pos_body 32.353397 -177.28046 2013.3538
/leftknee_pos_body -14.91061 -562.1868 1959.7343
/righthip_pos_body 193.90276 -176.47183 1971.0774
/rightknee_pos_body 220.45372 -522.838 1897.7413
/leftshoulder_pos_body -31.537436 233.18333 2103.4324
/leftelbow_pos_body -279.41577 128.59894 2138.5127
/lefthand_pos_body -349.31598 423.58878 2000.369
/rightshoulder_pos_body 274.2054 235.69003 2027.6356
/rightelbow_pos_body 507.60443 163.68872 1958.9852
/righthand_pos_body 463.95035 471.99805 1859.7573
/torso_pos_body 113.8783 28.414696 2028.6465
/torso_pos_body 113.8783 28.414696 2028.6465
/lefthip_pos_body 27.446104 -178.25479 2011.338
/leftknee_pos_body -12.586012 -567.6986 1962.7128
/righthip_pos_body 185.39912 -176.9598 1972.1798
/rightknee_pos_body 215.49597 -520.0945 1900.8197
/leftshoulder_pos_body -31.401695 234.9102 2103.54
/leftelbow_pos_body -279.89047 129.77328 2140.642
/lefthand_pos_body -353.60278 405.33777 1990.6042
/rightshoulder_pos_body 268.80374 237.33777 2032.0741
/rightelbow_pos_body 503.83344 162.06842 1959.562
/righthand_pos_body 462.07034 473.43124 1860.0599
/torso_pos_body 110.93904 28.709166 2028.156
/torso_pos_body 110.93904 28.709166 2028.156
/lefthip_pos_body 24.168373 -179.34456 2007.3135
/leftknee_pos_body -11.807102 -568.8132 1963.0801
/righthip_pos_body 182.18575 -178.06677 1969.6963
/rightknee_pos_body 219.0291 -511.71927 1907.0664
/leftshoulder_pos_body -32.92826 237.52242 2103.368
/leftelbow_pos_body -279.72015 130.66159 2140.0654
/lefthand_pos_body -347.85565 426.18677 2001.2346
/rightshoulder_pos_body 271.8062 234.46341 2026.9913
/rightelbow_pos_body 503.41815 159.25009 1962.5903
/righthand_pos_body 467.73022 476.17508 1861.459
/torso_pos_body 107.2959 27.549982 2025.0785
/torso_pos_body 107.2959 27.549982 2025.0785
/lefthip_pos_body 15.264487 -180.091 2005.0
/leftknee_pos_body -12.015765 -571.0791 1961.8
/righthip_pos_body 175.04115 -181.69489 1964.9546
/rightknee_pos_body 210.30576 -516.46466 1924.4028
/leftshoulder_pos_body -34.358173 237.89941 2103.067
/leftelbow_pos_body -281.04428 131.07672 2137.7224
/lefthand_pos_body -352.84036 412.79297 1987.3436
/rightshoulder_pos_body 273.6568 232.75153 2027.9382
/rightelbow_pos_body 501.45856 158.21732 1966.2273
/righthand_pos_body 471.9809 469.13766 1864.2135
/torso_pos_body 106.056206 27.637749 2024.004
/torso_pos_body 106.056206 27.637749 2024.004
/lefthip_pos_body 10.981457 -178.68817 2002.3799
/leftknee_pos_body -11.445555 -572.85583 1963.7422
/righthip_pos_body 173.94476 -181.41179 1962.6311
/rightknee_pos_body 209.87465 -514.33984 1914.5123
/leftshoulder_pos_body -34.974228 236.63986 2099.0547
/leftelbow_pos_body -284.524 130.7785 2134.3835
/lefthand_pos_body -357.17166 426.26474 1978.4689
/rightshoulder_pos_body 274.81366 231.639 2031.3344
/rightelbow_pos_body 502.4256 158.51865 1971.1112
/righthand_pos_body 490.02295 471.7665 1865.1487
/torso_pos_body 107.54148 27.094086 2023.8593
/torso_pos_body 107.54148 27.094086 2023.8593
/lefthip_pos_body 9.2439575 -178.56429 2001.3062
/leftknee_pos_body -11.451067 -576.0899 1964.8208
/righthip_pos_body 181.08255 -181.33824 1963.742
/rightknee_pos_body 206.02678 -514.2277 1917.417
/leftshoulder_pos_body -41.146057 236.7679 2098.0186
/leftelbow_pos_body -309.85388 147.05385 2122.9817
/lefthand_pos_body -461.78735 435.99536 1958.7185
/rightshoulder_pos_body 274.62595 231.91527 2031.3688
/rightelbow_pos_body 527.8794 192.53706 1991.2859
/righthand_pos_body 628.1107 451.48596 1796.8682
/torso_pos_body 104.752365 27.4601 2022.9615
/torso_pos_body 104.752365 27.4601 2022.9615
/lefthip_pos_body 8.1214075 -178.12062 1999.0951
/leftknee_pos_body -10.481557 -574.01105 1961.2377
/righthip_pos_body 177.40817 -180.72214 1963.3639
/rightknee_pos_body 204.60614 -513.33704 1923.1572
/leftshoulder_pos_body -58.56476 235.68874 2096.5566
/leftelbow_pos_body -329.43286 175.05865 2117.8972
/lefthand_pos_body -633.6041 364.25873 1985.0967
/rightshoulder_pos_body 273.55658 238.01352 2032.3168
/rightelbow_pos_body 515.9276 230.73796 1989.3271
/righthand_pos_body 768.81213 374.26788 1827.4971
/torso_pos_body 100.93237 28.33775 2022.9569
/torso_pos_body 100.93237 28.33775 2022.9569
/lefthip_pos_body 7.3236165 -180.78493 1998.3137
/leftknee_pos_body -12.876791 -577.077 1953.3887
/righthip_pos_body 181.41402 -179.56633 1964.6406
/rightknee_pos_body 207.5333 -513.009 1919.4166
/leftshoulder_pos_body -64.47771 240.48819 2094.0996
/leftelbow_pos_body -334.904 195.22047 2113.8713
/lefthand_pos_body -678.5327 287.6087 2029.2927
/rightshoulder_pos_body 265.79898 247.09952 2022.7609
/rightelbow_pos_body 518.6689 237.00137 1981.7998
/righthand_pos_body 811.0869 337.75482 1855.2795
/torso_pos_body 96.53134 32.312294 2019.7139
/torso_pos_body 96.53134 32.312294 2019.7139
/lefthip_pos_body 7.196783 -180.87486 1999.4016
/leftknee_pos_body -13.174479 -575.26306 1955.0533
/righthip_pos_body 177.60732 -177.46365 1962.5933
/rightknee_pos_body 205.91838 -515.27405 1915.4507
/leftshoulder_pos_body -67.39001 242.75867 2091.5298
/leftelbow_pos_body -335.12152 205.03004 2112.739
/lefthand_pos_body -695.4981 246.23712 2045.6182
/rightshoulder_pos_body 267.30084 248.27249 2023.8221
/rightelbow_pos_body 525.05804 247.60228 1971.7721
/righthand_pos_body 823.7719 312.27753 1860.9971
/torso_pos_body 95.75365 33.392742 2019.6315
/torso_pos_body 95.75365 33.392742 2019.6315
/lefthip_pos_body 5.01789 -180.15569 1999.0927
/leftknee_pos_body -17.274643 -545.5665 1941.3969
/righthip_pos_body 178.08585 -177.3045 1964.0812
/rightknee_pos_body 202.25552 -476.9442 1896.0696
/leftshoulder_pos_body -69.43447 248.50215 2089.4094
/leftelbow_pos_body -337.87006 213.5406 2111.2769
/lefthand_pos_body -682.67346 228.21227 2052.7944
/rightshoulder_pos_body 267.54385 254.75336 2014.533
/rightelbow_pos_body 527.51355 243.4368 1974.2212
/righthand_pos_body 841.1655 286.9096 1875.121
/torso_pos_body 95.33731 36.869335 2017.3116
/torso_pos_body 95.33731 36.869335 2017.3116
/lefthip_pos_body 4.324811 -179.50848 2002.0491
/leftknee_pos_body -18.498253 -547.7073 1941.276
/righthip_pos_body 178.91502 -176.2697 1963.2551
/rightknee_pos_body 204.84578 -469.55017 1889.6971
/leftshoulder_pos_body -70.51424 247.90373 2089.7896
/leftelbow_pos_body -340.9801 213.15717 2109.9622
/lefthand_pos_body -701.183 220.40862 2064.0918
/rightshoulder_pos_body 267.4991 253.41716 2018.7667
/rightelbow_pos_body 528.8134 245.18292 1972.9468
/righthand_pos_body 755.5372 262.94788 1919.0144
/torso_pos_body 94.54478 36.75847 2018.8854
/torso_pos_body 94.54478 36.75847 2018.8854
/lefthip_pos_body 2.7735646 -178.57602 2001.9459
/leftknee_pos_body -18.106041 -555.1261 1945.9766
/righthip_pos_body 178.42064 -175.711 1965.0392
/rightknee_pos_body 206.49779 -465.03284 1885.2887
/leftshoulder_pos_body -71.56991 249.1187 2091.0515
/leftelbow_pos_body -342.92856 214.41309 2113.7705
/lefthand_pos_body -705.358 214.70566 2079.114
/rightshoulder_pos_body 266.49945 253.04692 2016.4949
/rightelbow_pos_body 526.94025 243.39537 1971.9093
/righthand_pos_body 823.0649 266.38495 1889.1824
/torso_pos_body 92.55071 39.005478 2020.3169
/torso_pos_body 92.55071 39.005478 2020.3169
/lefthip_pos_body -1.3134456 -174.10541 2006.4773
/leftknee_pos_body -24.101881 -549.3718 1947.6998
/righthip_pos_body 176.58675 -172.0383 1967.2439
/rightknee_pos_body 200.99564 -439.43686 1885.2034
/leftshoulder_pos_body -73.14446 248.52597 2090.4207
/leftelbow_pos_body -343.31827 214.99168 2114.5574
/lefthand_pos_body -695.1173 208.84357 2079.758
/rightshoulder_pos_body 264.9872 253.84363 2016.7477
/rightelbow_pos_body 524.7296 243.80905 1971.8567
/righthand_pos_body 839.2031 254.32872 1895.7909
/torso_pos_body 91.965324 38.781273 2020.0961
/torso_pos_body 91.965324 38.781273 2020.0961
/lefthip_pos_body -0.6612985 -175.01672 2005.9277
/leftknee_pos_body -29.354618 -563.6749 1936.3866
/righthip_pos_body 176.67984 -172.22775 1967.2883
/rightknee_pos_body 203.33282 -421.88248 1879.5482
/leftshoulder_pos_body -74.472496 250.66257 2090.2178
/leftelbow_pos_body -343.30402 216.0237 2115.4458
/lefthand_pos_body -704.1544 203.38698 2084.3167
/rightshoulder_pos_body 260.97928 256.8707 2013.4197
/rightelbow_pos_body 522.5189 241.24207 1973.3936
/righthand_pos_body 820.4793 254.47903 1891.0642
/torso_pos_body 89.842476 40.1111 2019.6486
/torso_pos_body 89.842476 40.1111 2019.6486
/lefthip_pos_body -3.5665815 -175.21002 2008.0825
/leftknee_pos_body -31.606335 -568.4679 1931.0812
/righthip_pos_body 176.42969 -171.87885 1966.8743
/rightknee_pos_body 206.23943 -434.98767 1879.0793
/leftshoulder_pos_body -75.004456 250.39761 2089.8276
/leftelbow_pos_body -343.4488 213.84622 2116.6714
/lefthand_pos_body -690.99036 198.12805 2083.654
/rightshoulder_pos_body 260.45023 257.20538 2015.3848
/rightelbow_pos_body 515.8428 241.2248 1980.5259
/righthand_pos_body 820.2582 249.99178 1895.8246
/torso_pos_body 89.66546 41.304596 2019.396
/torso_pos_body 89.66546 41.304596 2019.396
/lefthip_pos_body -3.1288164 -173.01344 2006.0999
/leftknee_pos_body -26.135817 -552.6265 1914.991
/righthip_pos_body 176.34488 -169.37117 1966.2717
/rightknee_pos_body 205.382 -474.2094 1872.1282
/leftshoulder_pos_body -76.352745 250.803 2089.8079
/leftelbow_pos_body -348.19492 211.53535 2118.2114
/lefthand_pos_body -704.87756 195.0745 2083.5767
/rightshoulder_pos_body 257.6547 259.3512 2014.8837
/rightelbow_pos_body 512.1537 237.7836 1983.3922
/righthand_pos_body 813.05646 247.15863 1900.4954
/torso_pos_body 88.49985 42.157795 2018.4637
/torso_pos_body 88.49985 42.157795 2018.4637
/lefthip_pos_body -3.023176 -173.04878 2004.6295
/leftknee_pos_body -28.601553 -559.0757 1917.1274
/righthip_pos_body 175.72061 -168.47421 1964.534
/rightknee_pos_body 204.26471 -498.67142 1872.7262
/leftshoulder_pos_body -77.445564 249.84859 2089.9685
/leftelbow_pos_body -347.7295 209.63799 2119.353
/lefthand_pos_body -699.77545 190.04341 2086.5125
/rightshoulder_pos_body 256.59888 259.58514 2016.0188
/rightelbow_pos_body 508.1369 238.33461 1984.3644
/righthand_pos_body 820.1035 253.27728 1897.4794
/torso_pos_body 88.09004 41.866577 2018.2534
/torso_pos_body 88.09004 41.866577 2018.2534
/lefthip_pos_body -3.1860232 -173.60083 2003.3905
/leftknee_pos_body -27.611769 -562.37195 1915.2246
/righthip_pos_body 176.39287 -168.36658 1963.6359
/rightknee_pos_body 198.28793 -523.6222 1878.154
/leftshoulder_pos_body -78.35826 249.00089 2089.9792
/leftelbow_pos_body -347.87982 207.79623 2119.969
/lefthand_pos_body -694.58276 175.91849 2094.6416
/rightshoulder_pos_body 255.21796 259.5853 2017.0404
/rightelbow_pos_body 505.22693 239.00697 1985.561
/righthand_pos_body 818.8361 252.06578 1900.0901
/torso_pos_body 87.38517 41.128365 2017.7988
/torso_pos_body 87.38517 41.128365 2017.7988
/lefthip_pos_body -3.9478881 -174.90123 2001.8301
/leftknee_pos_body -27.234653 -565.9289 1913.7739
/righthip_pos_body 176.62888 -169.17151 1962.3457
/rightknee_pos_body 196.44115 -533.8959 1883.1057
/leftshoulder_pos_body -79.03302 247.94049 2091.1973
/leftelbow_pos_body -348.60562 205.54797 2121.3352
/lefthand_pos_body -704.1222 167.54033 2097.085
/rightshoulder_pos_body 253.83344 259.96555 2016.982
/rightelbow_pos_body 510.34668 240.61996 1980.7631
/righthand_pos_body 745.2356 252.03865 1895.6956
/torso_pos_body 86.82978 41.347153 2017.0826
/torso_pos_body 86.82978 41.347153 2017.0826
/lefthip_pos_body -4.233238 -174.52783 2000.2517
/leftknee_pos_body -28.777336 -564.56006 1916.4059
/righthip_pos_body 176.75194 -167.9896 1959.8997
/rightknee_pos_body 195.77267 -539.63586 1887.4414
/leftshoulder_pos_body -79.44143 247.409 2090.784
/leftelbow_pos_body -348.81638 203.80327 2122.557
/lefthand_pos_body -701.89075 165.09131 2096.747
/rightshoulder_pos_body 253.24979 259.97263 2017.419
/rightelbow_pos_body 510.20053 241.23656 1981.0022
/righthand_pos_body 818.4851 264.49542 1888.8317
/torso_pos_body 86.16563 41.984947 2014.4982
/torso_pos_body 86.16563 41.984947 2014.4982
/lefthip_pos_body -4.0101233 -173.09839 1994.6176
/leftknee_pos_body -28.735512 -563.0943 1918.415
/righthip_pos_body 174.86426 -166.34344 1955.172
/rightknee_pos_body 194.6167 -546.3415 1890.6473
/leftshoulder_pos_body -80.3581 246.85901 2089.0562
/leftelbow_pos_body -349.42462 202.19926 2120.7551
/lefthand_pos_body -705.6692 158.14484 2095.5696
/rightshoulder_pos_body 253.6517 260.2269 2019.8013
/rightelbow_pos_body 510.77136 241.84715 1983.3278
/righthand_pos_body 805.9701 266.6084 1880.3984
/torso_pos_body 86.14627 42.878296 2011.3512
/torso_pos_body 86.14627 42.878296 2011.3512
/lefthip_pos_body -2.6627295 -171.32068 1986.5839
/leftknee_pos_body -29.141521 -566.7047 1915.7777
/righthip_pos_body 173.95421 -164.25204 1949.9635
/rightknee_pos_body 192.54341 -548.804 1887.2153
/leftshoulder_pos_body -80.08001 246.35793 2089.3022
/leftelbow_pos_body -349.03864 200.59972 2122.7263
/lefthand_pos_body -703.7626 150.20287 2098.7786
/rightshoulder_pos_body 253.5354 260.4219 2018.3353
/rightelbow_pos_body 510.61777 243.36479 1981.0402
/righthand_pos_body 818.94824 271.35837 1882.4813
/torso_pos_body 86.17109 43.071247 2009.5219
/torso_pos_body 86.17109 43.071247 2009.5219
/lefthip_pos_body -2.3090196 -170.95393 1983.9281
/leftknee_pos_body -30.017721 -568.8461 1913.7799
/righthip_pos_body 173.53798 -163.5409 1946.5219
/rightknee_pos_body 192.61172 -548.6076 1887.9664
/leftshoulder_pos_body -80.90918 246.0335 2087.8777
/leftelbow_pos_body -348.54126 199.50171 2122.4233
/lefthand_pos_body -700.9474 144.1041 2094.6042
/rightshoulder_pos_body 252.85678 261.17554 2016.3878
/rightelbow_pos_body 511.0907 243.75958 1980.9105
/righthand_pos_body 820.61884 275.00583 1882.5278
/torso_pos_body 85.58633 43.308678 2005.7815
/torso_pos_body 85.58633 43.308678 2005.7815
/lefthip_pos_body -3.203677 -170.99774 1978.3654
/leftknee_pos_body -29.38717 -572.3036 1915.4923
/righthip_pos_body 173.60138 -162.97658 1940.4952
/rightknee_pos_body 191.18031 -550.0451 1887.68
/leftshoulder_pos_body -82.68351 246.81168 2081.5837
/leftelbow_pos_body -350.07642 197.48415 2117.0117
/lefthand_pos_body -702.2705 141.62 2088.1123
/rightshoulder_pos_body 259.17334 260.77625 2004.944
/rightelbow_pos_body 512.13824 244.12778 1985.1693
/righthand_pos_body 821.71515 277.20566 1890.0554
/torso_pos_body 87.11335 43.77538 1999.9489
/torso_pos_body 87.11335 43.77538 1999.9489
/lefthip_pos_body -1.4355913 -169.81412 1976.2316
/leftknee_pos_body -28.074236 -575.21204 1921.0327
/righthip_pos_body 173.39917 -162.67227 1937.036
/rightknee_pos_body 190.09648 -547.864 1882.8733
/leftshoulder_pos_body -84.58431 247.25577 2077.8308
/leftelbow_pos_body -351.02554 197.5019 2113.2505
/lefthand_pos_body -705.3069 152.597 2089.0718
/rightshoulder_pos_body 258.89548 260.11066 2015.0358
/rightelbow_pos_body 513.3185 244.45424 1988.2314
/righthand_pos_body 813.88696 271.89682 1891.3485
/torso_pos_body 87.14749 40.434273 2002.7343
/torso_pos_body 87.14749 40.434273 2002.7343
/lefthip_pos_body 0.76298577 -176.04733 1974.8265
/leftknee_pos_body -27.419363 -582.68353 1923.0402
/righthip_pos_body 173.51585 -169.58199 1943.244
/rightknee_pos_body 189.66988 -538.98096 1882.9792
/leftshoulder_pos_body -85.11973 246.78256 2076.6196
/leftelbow_pos_body -351.54782 197.15335 2112.9639
/lefthand_pos_body -710.39435 210.22285 2087.1748
/rightshoulder_pos_body 258.5851 260.23276 2016.6644
/rightelbow_pos_body 514.2808 244.55832 1988.2775
/righthand_pos_body 745.30176 257.20514 1906.3702
/torso_pos_body 87.11882 41.12335 2001.2098
/torso_pos_body 87.11882 41.12335 2001.2098
/lefthip_pos_body 1.2550534 -174.63617 1970.8229
/leftknee_pos_body -27.400269 -581.02356 1923.9633
/righthip_pos_body 173.75485 -167.88574 1940.7323
/rightknee_pos_body 190.79791 -540.1047 1881.1593
/leftshoulder_pos_body -85.52329 246.35492 2076.3643
/leftelbow_pos_body -352.58685 194.55861 2116.7253
/lefthand_pos_body -707.5364 274.75635 2097.4885
/rightshoulder_pos_body 258.86972 259.7808 2017.3303
/rightelbow_pos_body 514.3745 243.84708 1987.9778
/righthand_pos_body 807.78235 272.66946 1894.6975
/torso_pos_body 86.98193 41.727276 2000.5839
/torso_pos_body 86.98193 41.727276 2000.5839
/lefthip_pos_body 0.38869554 -173.0011 1969.2167
/leftknee_pos_body -26.173641 -562.48126 1921.0925
/righthip_pos_body 174.19263 -166.2255 1939.4242
/rightknee_pos_body 195.29918 -528.1592 1877.9716
/leftshoulder_pos_body -86.29739 244.63377 2077.2476
/leftelbow_pos_body -352.8047 195.82492 2118.7554
/lefthand_pos_body -616.8013 391.2608 2103.6577
/rightshoulder_pos_body 257.5036 258.78778 2016.3119
/rightelbow_pos_body 513.80566 244.18382 1985.9285
/righthand_pos_body 808.76074 279.6999 1887.4088
/torso_pos_body 86.04875 41.534332 2000.4747
/torso_pos_body 86.04875 41.534332 2000.4747
/lefthip_pos_body -0.53029174 -172.22485 1969.5941
/leftknee_pos_body -27.65745 -571.4736 1921.5028
/righthip_pos_body 173.51909 -165.05939 1938.7452
/rightknee_pos_body 225.09315 -403.41287 1841.3632
/leftshoulder_pos_body -85.79683 244.47084 2077.793
/leftelbow_pos_body -351.4037 193.5958 2123.7007
/lefthand_pos_body -529.0521 474.05792 2098.1057
/rightshoulder_pos_body 256.66382 259.15652 2016.2678
/rightelbow_pos_body 513.42505 244.9817 1984.2451
/righthand_pos_body 813.5638 280.69647 1884.0702
/torso_pos_body 86.027054 42.05573 2000.2662
/torso_pos_body 86.027054 42.05573 2000.2662
/lefthip_pos_body 0.11129081 -171.41199 1969.0441
/leftknee_pos_body -27.709839 -575.68884 1920.8405
/righthip_pos_body 173.12993 -163.99246 1937.9601
/rightknee_pos_body 219.70674 -422.3238 1847.3729
/leftshoulder_pos_body -85.99504 243.86163 2078.4014
/leftelbow_pos_body -350.27448 190.69414 2128.5413
/lefthand_pos_body -424.86676 499.6551 2087.7512
/rightshoulder_pos_body 256.00677 259.53378 2016.168
/rightelbow_pos_body 513.025 246.10924 1982.7225
/righthand_pos_body 811.85614 279.75882 1879.8586
/torso_pos_body 86.0922 41.771458 2000.389
/torso_pos_body 86.0922 41.771458 2000.389
/lefthip_pos_body 0.16514003 -172.14217 1969.327
/leftknee_pos_body -27.983473 -577.4306 1920.8834
/righthip_pos_body 174.19193 -164.16743 1937.6598
/rightknee_pos_body 208.61868 -466.9245 1863.326
/leftshoulder_pos_body -85.985374 243.09903 2078.338
/leftelbow_pos_body -343.21088 177.72919 2146.206
/lefthand_pos_body -362.79172 484.20856 2075.3328
/rightshoulder_pos_body 254.46178 259.618 2016.674
/rightelbow_pos_body 511.66064 246.86775 1983.009
/righthand_pos_body 811.9413 278.44037 1880.5826
/torso_pos_body 85.84398 41.589954 2000.1772
/torso_pos_body 85.84398 41.589954 2000.1772
/lefthip_pos_body -0.25128782 -172.43399 1968.7335
/leftknee_pos_body -27.995132 -578.3825 1922.3605
/righthip_pos_body 175.15082 -163.92323 1936.9635
/rightknee_pos_body 204.71095 -488.23566 1870.5126
/leftshoulder_pos_body -85.28442 241.12126 2079.4602
/leftelbow_pos_body -342.57617 178.0646 2148.982
/lefthand_pos_body -291.45694 488.88483 2070.9502
/rightshoulder_pos_body 253.45197 258.21558 2015.3893
/rightelbow_pos_body 511.13992 246.70415 1981.8866
/righthand_pos_body 809.643 269.9688 1884.3616
/torso_pos_body 85.76389 40.17872 2000.4147
/torso_pos_body 85.76389 40.17872 2000.4147
/lefthip_pos_body -1.3304147 -173.79099 1970.196
/leftknee_pos_body -28.150656 -579.19006 1922.5261
/righthip_pos_body 176.21843 -164.831 1936.6133
/rightknee_pos_body 205.43912 -497.5337 1872.7812
/leftshoulder_pos_body -82.14013 237.40382 2082.009
/leftelbow_pos_body -338.12036 173.5184 2154.5598
/lefthand_pos_body -259.16312 491.51675 2074.7605
/rightshoulder_pos_body 253.69867 254.09595 2014.2533
/rightelbow_pos_body 511.68738 243.74304 1981.2689
/righthand_pos_body 806.1707 266.25955 1887.0717
/torso_pos_body 86.53791 37.972527 2000.7037
/torso_pos_body 86.53791 37.972527 2000.7037
/lefthip_pos_body -2.0603604 -174.24612 1971.3042
/leftknee_pos_body -28.105461 -578.89185 1924.2668
/righthip_pos_body 176.65346 -165.36354 1935.2485
/rightknee_pos_body 201.30338 -510.41333 1874.6599
/leftshoulder_pos_body -81.854 238.01416 2081.324
/leftelbow_pos_body -334.7081 171.66432 2155.724
/lefthand_pos_body -272.25757 489.5996 2075.6165
/rightshoulder_pos_body 253.68411 254.66534 2012.4713
/rightelbow_pos_body 512.35657 244.87222 1980.4637
/righthand_pos_body 805.119 268.4427 1885.2848
/torso_pos_body 86.71392 38.12351 2000.4362
/torso_pos_body 86.71392 38.12351 2000.4362
/lefthip_pos_body -1.7326596 -174.52158 1972.2878
/leftknee_pos_body -28.469854 -579.1498 1924.1368
/righthip_pos_body 176.75821 -165.66391 1935.6614
/rightknee_pos_body 200.26064 -513.10004 1875.1727
/leftshoulder_pos_body -80.269264 238.73709 2080.642
/leftelbow_pos_body -331.6136 168.11215 2154.5027
/lefthand_pos_body -313.02393 499.48483 2077.5505
/rightshoulder_pos_body 254.38748 255.08305 2012.5818
/rightelbow_pos_body 513.1776 244.60068 1980.5284
/righthand_pos_body 811.8751 269.77823 1885.8024
/torso_pos_body 87.73794 38.632957 1999.928
/torso_pos_body 87.73794 38.632957 1999.928
/lefthip_pos_body -0.7377697 -173.99883 1971.3757
/leftknee_pos_body -28.93055 -578.71533 1924.1609
/righthip_pos_body 177.57132 -165.28949 1935.1123
/rightknee_pos_body 199.36859 -532.2776 1881.2164
/leftshoulder_pos_body -78.65431 240.02417 2080.4255
/leftelbow_pos_body -336.1822 175.45071 2146.3481
/lefthand_pos_body -374.63135 519.1957 2067.5764
/rightshoulder_pos_body 254.70409 255.83307 2012.5735
/rightelbow_pos_body 514.88214 244.6719 1979.6752
/righthand_pos_body 821.93915 270.3794 1882.9784
/torso_pos_body 88.372185 39.427013 1999.6267
/torso_pos_body 88.372185 39.427013 1999.6267
/lefthip_pos_body -0.7307476 -173.31659 1970.9607
/leftknee_pos_body -38.299603 -584.4894 1901.6399
/righthip_pos_body 178.16972 -164.83258 1934.5471
/rightknee_pos_body 196.50047 -538.04877 1884.1211
/leftshoulder_pos_body -79.14282 240.68512 2079.167
/leftelbow_pos_body -347.8575 184.57632 2141.0774
/lefthand_pos_body -522.069 489.2324 2066.6309
/rightshoulder_pos_body 254.74393 256.70874 2012.7926
/rightelbow_pos_body 514.385 244.87361 1979.7749
/righthand_pos_body 809.5894 272.41174 1881.6232
/torso_pos_body 88.44173 40.009136 1998.8252
/torso_pos_body 88.44173 40.009136 1998.8252
/lefthip_pos_body -0.6066867 -172.98299 1969.5002
/leftknee_pos_body -40.60901 -583.75665 1892.888
/righthip_pos_body 178.77249 -164.37436 1933.8408
/rightknee_pos_body 196.22551 -543.07214 1885.8881
/leftshoulder_pos_body -77.84426 241.91145 2076.595
/leftelbow_pos_body -350.11185 192.20448 2141.4424
/lefthand_pos_body -586.16003 459.19666 2070.5227
/rightshoulder_pos_body 254.40521 257.24124 2012.3221
/rightelbow_pos_body 514.2706 245.04922 1978.6165
/righthand_pos_body 820.5861 275.42157 1876.2351
/torso_pos_body 88.8991 40.389355 1997.763
/torso_pos_body 88.8991 40.389355 1997.763
/lefthip_pos_body -0.70162386 -172.96031 1968.52
/leftknee_pos_body -35.66036 -583.7751 1902.2795
/righthip_pos_body 179.73706 -164.63498 1933.6145
/rightknee_pos_body 197.79634 -549.27966 1894.9888
/leftshoulder_pos_body -79.509995 244.83391 2071.9749
/leftelbow_pos_body -354.30383 198.91728 2138.5225
/lefthand_pos_body -670.4514 394.34595 2079.3528
/rightshoulder_pos_body 252.8148 260.38177 2011.5215
/rightelbow_pos_body 512.9234 247.78491 1977.9866
/righthand_pos_body 809.16736 275.7792 1881.4843
/torso_pos_body 88.19402 42.45735 1996.1747
/torso_pos_body 88.19402 42.45735 1996.1747
/lefthip_pos_body -0.93043685 -171.93495 1967.0944
/leftknee_pos_body -32.89254 -583.081 1908.2993
/righthip_pos_body 180.40172 -163.45131 1934.108
/rightknee_pos_body 195.10321 -551.48425 1895.4003
/leftshoulder_pos_body -89.49865 245.79234 2068.5955
/leftelbow_pos_body -363.6432 209.91382 2122.7158
/lefthand_pos_body -718.13794 333.88055 2093.2158
/rightshoulder_pos_body 249.58386 266.0065 2011.3788
/rightelbow_pos_body 511.4344 251.49062 1977.0399
/righthand_pos_body 808.9713 274.2484 1880.1974
/torso_pos_body 85.0265 45.5146 1995.1959
/torso_pos_body 85.0265 45.5146 1995.1959
/lefthip_pos_body -2.051095 -170.3584 1965.9391
/leftknee_pos_body -31.212963 -582.6471 1911.1207
/righthip_pos_body 182.07187 -159.38205 1934.8702
/rightknee_pos_body 195.9268 -552.88434 1896.4529
/leftshoulder_pos_body -87.430336 244.42856 2071.8662
/leftelbow_pos_body -365.62677 217.6422 2111.2795
/lefthand_pos_body -722.4046 262.12653 2104.2505
/rightshoulder_pos_body 249.41423 264.08246 2011.9419
/rightelbow_pos_body 511.31775 248.94109 1976.5782
/righthand_pos_body 826.04333 271.2776 1873.9991
/torso_pos_body 85.08163 44.78731 1996.1917
/torso_pos_body 85.08163 44.78731 1996.1917
/lefthip_pos_body -2.6557794 -170.03873 1966.8152
/leftknee_pos_body -28.168524 -590.5979 1925.6858
/righthip_pos_body 180.99838 -159.32304 1934.1433
/rightknee_pos_body 194.52692 -559.18445 1902.5399
/leftshoulder_pos_body -92.14781 246.96463 2069.1855
/leftelbow_pos_body -363.55444 217.29408 2107.0266
/lefthand_pos_body -718.8152 243.04337 2106.6084
/rightshoulder_pos_body 249.7029 267.36444 2011.4094
/rightelbow_pos_body 510.56854 251.79475 1975.3577
/righthand_pos_body 810.6907 273.82248 1886.0344
/torso_pos_body 83.809006 46.66064 1995.7422
/torso_pos_body 83.809006 46.66064 1995.7422
/lefthip_pos_body -3.3604307 -169.3453 1966.7698
/leftknee_pos_body -29.126053 -588.0176 1920.8048
/righthip_pos_body 181.04137 -158.3412 1935.604
/rightknee_pos_body 194.1869 -556.71155 1901.8025
/leftshoulder_pos_body -91.3748 249.54373 2069.858
/leftelbow_pos_body -361.66815 212.31003 2111.9768
/lefthand_pos_body -719.1488 229.48685 2107.7097
/rightshoulder_pos_body 249.54576 269.35995 2009.4515
/rightelbow_pos_body 509.3562 253.38982 1973.0371
/righthand_pos_body 818.14716 281.01724 1871.2256
/torso_pos_body 83.591156 48.41466 1995.8534
/torso_pos_body 83.591156 48.41466 1995.8534
/lefthip_pos_body -4.413748 -167.99976 1968.4436
/leftknee_pos_body -27.553022 -586.5673 1923.736
/righthip_pos_body 180.60742 -157.24529 1935.6604
/rightknee_pos_body 193.23355 -557.7897 1901.4905
/leftshoulder_pos_body -91.00366 250.98294 2069.3096
/leftelbow_pos_body -361.25482 211.34515 2108.4312
/lefthand_pos_body -719.888 225.44331 2108.9055
/rightshoulder_pos_body 248.11105 271.1781 2007.9672
/rightelbow_pos_body 508.08286 254.61957 1972.9136
/righthand_pos_body 813.8158 282.22702 1870.2587
/torso_pos_body 83.29485 49.680202 1995.2511
/torso_pos_body 83.29485 49.680202 1995.2511
/lefthip_pos_body -4.302004 -167.21907 1968.5669
/leftknee_pos_body -27.552832 -584.42126 1920.4634
/righthip_pos_body 180.37402 -156.22116 1935.1609
/rightknee_pos_body 194.39677 -558.22437 1899.994
/leftshoulder_pos_body -93.20321 250.21605 2069.181
/leftelbow_pos_body -362.72842 209.67921 2106.4802
/lefthand_pos_body -715.0139 224.84503 2103.0015
/rightshoulder_pos_body 246.55754 272.27563 2006.6753
/rightelbow_pos_body 506.93744 255.73486 1971.9412
/righthand_pos_body 816.86945 280.45786 1868.0746
/torso_pos_body 82.31995 50.435028 1994.2007
/torso_pos_body 82.31995 50.435028 1994.2007
/lefthip_pos_body -4.334247 -166.36832 1967.4531
/leftknee_pos_body -27.307058 -582.39233 1918.6837
/righthip_pos_body 180.25969 -154.38324 1933.4934
/rightknee_pos_body 195.28795 -557.2179 1898.851
/leftshoulder_pos_body -92.445145 249.417 2069.7266
/leftelbow_pos_body -361.40344 207.68288 2102.7698
/lefthand_pos_body -720.83813 229.01442 2109.1045
/rightshoulder_pos_body 244.83156 271.6988 2006.0485
/rightelbow_pos_body 502.26233 255.00496 1969.6937
/righthand_pos_body 813.9918 278.5279 1862.126
/torso_pos_body 81.75769 50.788517 1993.9591
/torso_pos_body 81.75769 50.788517 1993.9591
/lefthip_pos_body -4.173947 -165.02545 1967.3053
/leftknee_pos_body -25.072079 -579.786 1920.5311
/righthip_pos_body 178.8183 -152.93628 1932.7562
/rightknee_pos_body 197.46437 -558.4403 1899.9158
/leftshoulder_pos_body -92.08458 250.4707 2069.7922
/leftelbow_pos_body -360.62787 208.09424 2102.7341
/lefthand_pos_body -718.59937 226.2187 2111.241
/rightshoulder_pos_body 244.07278 272.37927 2004.1876
/rightelbow_pos_body 502.95703 256.04523 1970.2678
/righthand_pos_body 729.5525 273.5042 1899.9243
/torso_pos_body 81.2152 51.43361 1993.6166
/torso_pos_body 81.2152 51.43361 1993.6166
/lefthip_pos_body -4.507366 -164.4849 1967.9918
/leftknee_pos_body -26.010336 -579.43274 1917.6442
/righthip_pos_body 177.37997 -152.63065 1932.4945
/rightknee_pos_body 198.7648 -557.60095 1898.6316
/leftshoulder_pos_body -89.4355 250.47066 2071.718
/leftelbow_pos_body -359.21417 210.66345 2103.0571
/lefthand_pos_body -716.24194 236.04431 2107.3972
/rightshoulder_pos_body 244.74811 271.32364 2002.9613
/rightelbow_pos_body 502.83533 254.66623 1969.0817
/righthand_pos_body 814.8274 277.15033 1856.985
/torso_pos_body 81.81884 50.910263 1993.8849
/torso_pos_body 81.81884 50.910263 1993.8849
/lefthip_pos_body -4.2700915 -164.70828 1968.999
/leftknee_pos_body -25.735699 -580.7809 1916.5702
/righthip_pos_body 176.23285 -153.44495 1931.8613
/rightknee_pos_body 199.1716 -557.9473 1898.9926
/leftshoulder_pos_body -87.8627 252.02289 2070.8782
/leftelbow_pos_body -355.88055 212.34396 2101.4983
/lefthand_pos_body -716.064 262.95935 2108.5854
/rightshoulder_pos_body 245.74826 271.07196 2002.0935
/rightelbow_pos_body 503.42255 254.10297 1968.3209
/righthand_pos_body 737.51245 274.89096 1893.5294
/torso_pos_body 82.09871 50.952473 1993.4706
/torso_pos_body 82.09871 50.952473 1993.4706
/lefthip_pos_body -4.6399193 -164.77544 1968.99
/leftknee_pos_body -25.653032 -581.76447 1916.2499
/righthip_pos_body 175.1492 -154.50954 1931.9207
/rightknee_pos_body 198.89494 -557.49994 1898.8889
/leftshoulder_pos_body -87.10018 252.00525 2070.2668
/leftelbow_pos_body -355.6548 215.9221 2100.7356
/lefthand_pos_body -703.8777 341.81213 2103.0117
/rightshoulder_pos_body 244.55927 271.05994 1998.1459
/rightelbow_pos_body 501.5671 253.63287 1967.8364
/righthand_pos_body 810.1952 277.77744 1852.2539
/torso_pos_body 81.70433 50.486225 1992.1267
/torso_pos_body 81.70433 50.486225 1992.1267
/lefthip_pos_body -5.1583633 -165.72154 1969.5826
/leftknee_pos_body -26.512207 -587.909 1910.5613
/righthip_pos_body 174.5166 -155.39874 1930.5116
/rightknee_pos_body 198.86345 -560.0591 1898.0287
/leftshoulder_pos_body -87.08795 253.31783 2069.9944
/leftelbow_pos_body -354.78894 271.5736 2105.584
/lefthand_pos_body -658.7766 506.05133 2092.8667
/rightshoulder_pos_body 244.76523 271.49945 1999.3403
/rightelbow_pos_body 501.27844 255.06151 1967.3356
/righthand_pos_body 797.22186 282.62006 1862.5266
/torso_pos_body 81.43231 50.437267 1992.3021
/torso_pos_body 81.43231 50.437267 1992.3021
/lefthip_pos_body -6.508662 -166.49434 1969.2124
/leftknee_pos_body -27.11205 -586.26355 1912.5126
/righthip_pos_body 174.56062 -156.57388 1930.6614
/rightknee_pos_body 195.75739 -580.1561 1902.165
/leftshoulder_pos_body -84.83304 255.89453 2070.9448
/leftelbow_pos_body -337.44077 341.77383 2123.4573
/lefthand_pos_body -565.3584 624.6837 2087.2576
/rightshoulder_pos_body 244.96481 271.57123 2001.5284
/rightelbow_pos_body 501.09305 255.6872 1967.8541
/righthand_pos_body 805.6467 282.67905 1850.0841
/torso_pos_body 81.26427 49.4155 1993.5297
/torso_pos_body 81.26427 49.4155 1993.5297
/lefthip_pos_body -7.079623 -169.15819 1969.6697
/leftknee_pos_body -27.968395 -588.21954 1913.9525
/righthip_pos_body 172.00491 -160.64554 1931.9756
/rightknee_pos_body 195.72821 -579.3909 1902.1768
/leftshoulder_pos_body -83.95884 258.23416 2070.2578
/leftelbow_pos_body -322.379 389.04352 2110.4587
/lefthand_pos_body -460.03046 744.1641 2073.4268
/rightshoulder_pos_body 245.44553 272.43396 2005.841
/rightelbow_pos_body 501.7257 256.55548 1970.526
/righthand_pos_body 804.812 278.9202 1851.5713
/torso_pos_body 81.96144 47.625298 1996.2875
/torso_pos_body 81.96144 47.625298 1996.2875
/lefthip_pos_body -7.155727 -173.9776 1972.1912
/leftknee_pos_body -27.218414 -593.0148 1917.5487
/righthip_pos_body 173.5148 -166.18935 1936.8599
/rightknee_pos_body 198.71104 -595.009 1922.8335
/leftshoulder_pos_body -83.4612 260.40063 2071.3772
/leftelbow_pos_body -301.26276 427.97827 2103.3096
/lefthand_pos_body -328.92267 783.6638 2066.2195
/rightshoulder_pos_body 245.72191 273.68628 2008.2266
/rightelbow_pos_body 500.0892 257.12292 1969.9077
/righthand_pos_body 793.7423 273.396 1856.9016
/torso_pos_body 81.82393 48.368664 1997.4125
/torso_pos_body 81.82393 48.368664 1997.4125
/lefthip_pos_body -6.9513288 -173.91704 1972.1868
/leftknee_pos_body -25.619574 -594.19556 1921.5076
/righthip_pos_body 171.98633 -166.69522 1937.8594
/rightknee_pos_body 197.7413 -596.7662 1919.6898
/leftshoulder_pos_body -80.19686 263.86685 2072.7175
/leftelbow_pos_body -270.65942 440.63904 2080.673
/lefthand_pos_body -193.82378 767.05133 2051.0322
/rightshoulder_pos_body 246.71736 274.38257 2010.9938
/rightelbow_pos_body 499.6008 256.65176 1969.5372
/righthand_pos_body 806.58154 269.4694 1847.6667
/torso_pos_body 82.29035 49.96531 1999.3812
/torso_pos_body 82.29035 49.96531 1999.3812
/lefthip_pos_body -6.9568605 -172.03366 1973.5742
/leftknee_pos_body -24.329144 -593.2377 1924.0428
/righthip_pos_body 169.59778 -166.3545 1940.2393
/rightknee_pos_body 195.73634 -588.5831 1911.7341
/leftshoulder_pos_body -75.23607 265.33945 2080.123
/leftelbow_pos_body -231.52809 461.27686 2070.7056
/lefthand_pos_body -188.26382 716.6466 2059.599
/rightshoulder_pos_body 246.86958 275.54776 2011.3353
/rightelbow_pos_body 500.47058 257.72296 1970.5281
/righthand_pos_body 800.077 263.06036 1847.0449
/torso_pos_body 83.27045 50.972847 2001.2356
/torso_pos_body 83.27045 50.972847 2001.2356
/lefthip_pos_body -6.4952087 -171.26212 1975.3683
/leftknee_pos_body -23.043276 -592.1201 1925.3341
/righthip_pos_body 167.94348 -165.73372 1938.1158
/rightknee_pos_body 193.00311 -583.1807 1906.6132
/leftshoulder_pos_body -71.891136 265.1558 2083.2397
/leftelbow_pos_body -210.63318 474.12427 2066.679
/lefthand_pos_body -49.327026 775.8568 2033.6945
/rightshoulder_pos_body 248.05779 276.19196 2012.956
/rightelbow_pos_body 502.5266 258.0583 1971.931
/righthand_pos_body 814.36194 258.37253 1852.0787
/torso_pos_body 85.22279 53.915024 2001.04
/torso_pos_body 85.22279 53.915024 2001.04
/lefthip_pos_body -2.6027684 -165.77457 1972.6466
/leftknee_pos_body -22.271524 -593.9282 1927.408
/righthip_pos_body 167.3273 -159.91309 1935.3177
/rightknee_pos_body 192.53423 -574.9751 1904.0847
/leftshoulder_pos_body -69.26697 265.7884 2085.0232
/leftelbow_pos_body -200.61562 477.94983 2059.9968
/lefthand_pos_body -84.25189 772.3014 2024.4108
/rightshoulder_pos_body 248.59958 276.56146 2013.6931
/rightelbow_pos_body 504.84933 257.94226 1973.0004
/righthand_pos_body 809.99194 253.20572 1857.1644
/torso_pos_body 86.01814 55.76551 2000.5673
/torso_pos_body 86.01814 55.76551 2000.5673
/lefthip_pos_body -2.0689662 -162.50569 1970.7247
/leftknee_pos_body -19.12042 -583.4677 1925.5226
/righthip_pos_body 166.80893 -156.7821 1932.828
/rightknee_pos_body 192.91658 -571.0769 1902.8433
/leftshoulder_pos_body -63.23671 266.28644 2091.3608
/leftelbow_pos_body -207.1988 473.46933 2057.2515
/lefthand_pos_body -132.98123 773.9221 2016.4487
/rightshoulder_pos_body 250.89085 276.71863 2015.8782
/rightelbow_pos_body 508.8004 255.76164 1972.9634
/righthand_pos_body 825.74036 253.61516 1853.7595
/torso_pos_body 88.399704 57.618153 2001.4729
/torso_pos_body 88.399704 57.618153 2001.4729
/lefthip_pos_body -1.3211741 -159.06561 1969.5814
/leftknee_pos_body -17.398653 -581.2814 1930.508
/righthip_pos_body 167.26584 -153.46684 1929.0712
/rightknee_pos_body 188.52591 -564.6573 1893.2059
/leftshoulder_pos_body -64.31341 266.4128 2089.997
/leftelbow_pos_body -233.69751 455.2469 2072.9338
/lefthand_pos_body -268.41663 744.49927 2028.6627
/rightshoulder_pos_body 253.6681 276.01428 2015.9246
/rightelbow_pos_body 522.05457 251.93335 1971.8767
/righthand_pos_body 820.4402 260.63864 1852.0637
/torso_pos_body 88.797356 57.406857 2000.0048
/torso_pos_body 88.797356 57.406857 2000.0048
/lefthip_pos_body -1.2384715 -158.94092 1966.6525
/leftknee_pos_body -20.112694 -589.54395 1930.4568
/righthip_pos_body 167.0732 -153.85873 1927.445
/rightknee_pos_body 188.70058 -566.66473 1887.7137
/leftshoulder_pos_body -65.48609 266.8044 2089.804
/leftelbow_pos_body -266.50336 450.1801 2067.7563
/lefthand_pos_body -367.69467 755.7921 2031.1924
/rightshoulder_pos_body 253.84662 276.1679 2015.9382
/rightelbow_pos_body 513.2013 256.06415 1973.5426
/righthand_pos_body 819.7633 264.54388 1857.3165
/torso_pos_body 88.15904 57.534996 1999.7192
/torso_pos_body 88.15904 57.534996 1999.7192
/lefthip_pos_body -2.7300582 -158.90468 1966.1985
/leftknee_pos_body -21.171722 -586.9629 1927.9725
/righthip_pos_body 167.00569 -153.92767 1926.9363
/rightknee_pos_body 195.56323 -578.0524 1876.8062
/leftshoulder_pos_body -67.896614 265.81152 2085.7966
/leftelbow_pos_body -324.18448 380.03818 2103.6133
/lefthand_pos_body -574.7914 649.3624 2071.5464
/rightshoulder_pos_body 254.33916 274.7192 2014.5607
/rightelbow_pos_body 519.4058 250.5114 1973.0145
/righthand_pos_body 819.98004 265.2098 1857.6489
/torso_pos_body 87.65455 56.87841 1998.3148
/torso_pos_body 87.65455 56.87841 1998.3148
/lefthip_pos_body -4.153929 -158.89255 1965.5162
/leftknee_pos_body -22.249119 -589.6365 1927.2642
/righthip_pos_body 168.32957 -154.12453 1927.3856
/rightknee_pos_body 194.79858 -573.6521 1876.4785
/leftshoulder_pos_body -67.621635 265.49933 2084.9773
/leftelbow_pos_body -322.7086 347.70615 2102.372
/lefthand_pos_body -654.2637 531.8984 2088.9438
/rightshoulder_pos_body 254.09006 273.64096 2011.6482
/rightelbow_pos_body 515.6992 250.94579 1971.0015
/righthand_pos_body 813.20056 265.52542 1863.0282
/torso_pos_body 87.1263 55.664165 1997.7661
/torso_pos_body 87.1263 55.664165 1997.7661
/lefthip_pos_body -5.6968517 -160.43634 1966.9849
/leftknee_pos_body -22.017965 -582.56726 1924.1373
/righthip_pos_body 167.73361 -156.04729 1927.4541
/rightknee_pos_body 193.24973 -574.6103 1882.6315
/leftshoulder_pos_body -66.78937 266.50357 2076.3794
/leftelbow_pos_body -331.9752 315.29825 2106.7002
/lefthand_pos_body -726.3942 342.88846 2123.4636
/rightshoulder_pos_body 253.55789 270.81332 2010.1515
/rightelbow_pos_body 513.41296 248.30577 1970.4166
/righthand_pos_body 804.9673 263.7952 1860.1136
/torso_pos_body 86.325806 55.14643 1995.2292
/torso_pos_body 86.325806 55.14643 1995.2292
/lefthip_pos_body -9.570455 -159.56075 1965.5592
/leftknee_pos_body -23.153172 -587.3808 1923.8082
/righthip_pos_body 168.10515 -157.17041 1928.8268
/rightknee_pos_body 193.40865 -574.07556 1880.1691
/leftshoulder_pos_body -68.89164 267.62747 2071.8003
/leftelbow_pos_body -329.99435 275.1905 2107.4883
/lefthand_pos_body -711.9306 272.16638 2131.5042
/rightshoulder_pos_body 253.62115 270.015 2008.5513
/rightelbow_pos_body 517.18994 243.6627 1969.608
/righthand_pos_body 815.38684 259.75677 1861.8301
/torso_pos_body 85.33064 59.916332 1996.4225
/torso_pos_body 85.33064 59.916332 1996.4225
/lefthip_pos_body -8.853364 -149.63376 1969.7605
/leftknee_pos_body -22.367775 -577.9586 1925.3267
/righthip_pos_body 165.44641 -148.34343 1935.5779
/rightknee_pos_body 191.31374 -586.65216 1882.5531
/leftshoulder_pos_body -75.93616 265.9676 2064.5823
/leftelbow_pos_body -332.99493 255.15479 2110.4155
/lefthand_pos_body -708.85657 258.6557 2139.7773
/rightshoulder_pos_body 252.61172 269.78387 2005.781
/rightelbow_pos_body 514.776 244.28166 1967.0494
/righthand_pos_body 816.3073 260.04132 1856.5376
/torso_pos_body 83.32015 56.124695 1993.403
/torso_pos_body 83.32015 56.124695 1993.403
/lefthip_pos_body -9.952583 -156.65149 1967.4196
/leftknee_pos_body -22.144176 -579.75183 1922.707
/righthip_pos_body 166.55762 -154.6012 1935.829
/rightknee_pos_body 189.31735 -580.5403 1886.148
/leftshoulder_pos_body -78.429825 266.13333 2061.4814
/leftelbow_pos_body -336.44257 246.5594 2110.9795
/lefthand_pos_body -709.8478 252.7601 2139.9207
/rightshoulder_pos_body 252.23042 268.748 2003.1835
/rightelbow_pos_body 513.0734 243.02167 1963.2985
/righthand_pos_body 811.5825 255.44559 1854.031
/torso_pos_body 81.60359 53.204258 1992.6814
/torso_pos_body 81.60359 53.204258 1992.6814
/lefthip_pos_body -13.924601 -161.74562 1968.9388
/leftknee_pos_body -23.512192 -576.91315 1917.8748
/righthip_pos_body 166.53838 -160.31863 1937.122
/rightknee_pos_body 187.51439 -580.1178 1892.1813
/leftshoulder_pos_body -84.0184 264.3872 2054.164
/leftelbow_pos_body -342.04916 239.03113 2108.4795
/lefthand_pos_body -709.2661 249.74965 2142.5942
/rightshoulder_pos_body 251.5509 266.26196 2001.5193
/rightelbow_pos_body 511.5289 240.32008 1960.1259
/righthand_pos_body 816.4019 255.14017 1843.7656
/torso_pos_body 79.08307 50.93312 1990.3551
/torso_pos_body 79.08307 50.93312 1990.3551
/lefthip_pos_body -18.4351 -163.97699 1967.4326
/leftknee_pos_body -23.666151 -577.5526 1916.863
/righthip_pos_body 167.23488 -162.9397 1938.3044
/rightknee_pos_body 182.28789 -568.44666 1899.0817
/leftshoulder_pos_body -80.44408 264.26965 2056.3918
/leftelbow_pos_body -341.60962 235.78171 2108.9937
/lefthand_pos_body -707.0352 243.187 2126.589
/rightshoulder_pos_body 251.28632 264.47183 2001.7034
/rightelbow_pos_body 511.40137 239.19392 1958.5978
/righthand_pos_body 811.4513 255.56743 1843.1035
/torso_pos_body 79.28019 49.60532 1991.0038
/torso_pos_body 79.28019 49.60532 1991.0038
/lefthip_pos_body -20.588108 -165.21722 1968.4116
/leftknee_pos_body -24.380684 -578.7489 1907.8845
/righthip_pos_body 166.86662 -165.10297 1937.5083
/rightknee_pos_body 185.47585 -574.44275 1896.5054
/leftshoulder_pos_body -80.891556 262.50812 2060.0269
/leftelbow_pos_body -347.98248 230.60866 2106.9111
/lefthand_pos_body -717.3405 246.74815 2117.215
/rightshoulder_pos_body 251.19041 263.56537 2000.9629
/rightelbow_pos_body 512.6879 236.66301 1955.0765
/righthand_pos_body 814.0614 253.18056 1846.3619
/torso_pos_body 78.881676 47.940186 1991.4047
/torso_pos_body 78.881676 47.940186 1991.4047
/lefthip_pos_body -21.173767 -167.45497 1968.9955
/leftknee_pos_body -25.89628 -574.3686 1909.2408
/righthip_pos_body 166.40163 -166.85777 1935.6334
/rightknee_pos_body 180.51361 -556.6287 1862.9832
/leftshoulder_pos_body -83.63148 259.9399 2056.9268
/leftelbow_pos_body -350.3546 229.45209 2102.629
/lefthand_pos_body -716.19434 248.75803 2102.6047
/rightshoulder_pos_body 250.69135 262.28046 2002.4819
/rightelbow_pos_body 511.09253 234.2496 1956.077
/righthand_pos_body 818.6964 268.51624 1852.8832
/torso_pos_body 78.88433 43.24133 1991.8116
/torso_pos_body 78.88433 43.24133 1991.8116
/lefthip_pos_body -18.58915 -175.2774 1969.0359
/leftknee_pos_body -26.16285 -608.1277 1921.9677
/righthip_pos_body 167.06662 -173.97765 1938.8018
/rightknee_pos_body 183.41536 -557.4844 1875.3279
/leftshoulder_pos_body -86.79177 255.5296 2058.1147
/leftelbow_pos_body -353.002 224.82193 2103.1104
/lefthand_pos_body -715.40924 246.51828 2109.3557
/rightshoulder_pos_body 246.15659 261.46735 1997.2416
/rightelbow_pos_body 508.36795 234.20345 1953.3557
/righthand_pos_body 814.4147 304.40607 1856.9541
/torso_pos_body 76.69289 41.765923 1990.1859
/torso_pos_body 76.69289 41.765923 1990.1859
/lefthip_pos_body -18.514297 -176.61124 1969.554
/leftknee_pos_body -26.258541 -595.33167 1917.4344
/righthip_pos_body 165.92104 -173.32204 1935.8335
/rightknee_pos_body 181.87782 -568.6323 1884.4482
/leftshoulder_pos_body -88.709274 253.73041 2057.5134
/leftelbow_pos_body -356.24658 220.4069 2099.9644
/lefthand_pos_body -713.9125 250.58748 2102.2422
/rightshoulder_pos_body 247.01283 260.95724 1995.7877
/rightelbow_pos_body 507.01892 232.92299 1953.5613
/righthand_pos_body 786.8164 386.2375 1875.7515
/torso_pos_body 76.74078 42.798855 1988.4183
/torso_pos_body 76.74078 42.798855 1988.4183
/lefthip_pos_body -17.50449 -173.72296 1967.0707
/leftknee_pos_body -33.768097 -590.95123 1918.4851
/righthip_pos_body 166.16408 -169.76927 1933.3016
/rightknee_pos_body 182.67154 -570.8187 1887.3074
/leftshoulder_pos_body -90.308846 249.79385 2056.6833
/leftelbow_pos_body -358.4717 216.94383 2097.893
/lefthand_pos_body -720.8169 248.64082 2096.1074
/rightshoulder_pos_body 245.5989 258.5073 1991.512
/rightelbow_pos_body 517.8537 209.91232 1969.1644
/righthand_pos_body 724.50275 439.576 1902.4622
/torso_pos_body 75.85139 42.147724 1986.5079
/torso_pos_body 75.85139 42.147724 1986.5079
/lefthip_pos_body -17.194786 -172.22221 1966.6227
/leftknee_pos_body -26.074183 -573.89246 1931.7968
/righthip_pos_body 165.31027 -167.48804 1931.2137
/rightknee_pos_body 180.33778 -566.4467 1887.5167
/leftshoulder_pos_body -90.79028 249.60591 2055.9749
/leftelbow_pos_body -360.07727 215.78716 2096.8904
/lefthand_pos_body -722.9391 254.10489 2095.6108
/rightshoulder_pos_body 245.07101 258.04083 1992.0449
/rightelbow_pos_body 486.93134 184.98068 1984.9292
/righthand_pos_body 567.1615 484.62143 1943.7375
/torso_pos_body 75.32558 42.02329 1986.5308
/torso_pos_body 75.32558 42.02329 1986.5308
/lefthip_pos_body -17.781328 -172.06952 1966.4287
/leftknee_pos_body -27.344444 -577.3622 1923.9354
/righthip_pos_body 164.8029 -167.48405 1931.6746
/rightknee_pos_body 179.70811 -568.91406 1880.4268
/leftshoulder_pos_body -91.291824 244.63708 2056.019
/leftelbow_pos_body -362.4638 209.41118 2097.0918
/lefthand_pos_body -729.42957 248.54553 2087.1477
/rightshoulder_pos_body 240.2086 254.2815 1990.0426
/rightelbow_pos_body 479.01923 179.695 1992.3508
/righthand_pos_body 478.98828 497.27066 1966.3992
/torso_pos_body 73.10362 39.49626 1985.5315
/torso_pos_body 73.10362 39.49626 1985.5315
/lefthip_pos_body -19.012033 -173.1073 1966.0957
/leftknee_pos_body -27.718004 -578.2206 1919.2401
/righthip_pos_body 162.50974 -167.82623 1929.9685
/rightknee_pos_body 180.48729 -571.11786 1884.1844
/leftshoulder_pos_body -90.56299 247.58563 2057.0273
/leftelbow_pos_body -362.2917 212.88858 2097.514
/lefthand_pos_body -726.05194 249.57047 2080.7407
/rightshoulder_pos_body 242.31738 255.80122 1991.2169
/rightelbow_pos_body 472.59186 174.78516 1996.461
/righthand_pos_body 436.98886 493.6094 1979.5962
/torso_pos_body 73.4565 41.52113 1985.6404
/torso_pos_body 73.4565 41.52113 1985.6404
/lefthip_pos_body -18.40745 -170.85866 1964.8416
/leftknee_pos_body -28.524124 -579.77985 1917.8303
/righthip_pos_body 160.47905 -166.4437 1929.4758
/rightknee_pos_body 181.48906 -573.1709 1886.4998
/leftshoulder_pos_body -89.712105 248.73584 2057.31
/leftelbow_pos_body -360.87894 215.48804 2097.963
/lefthand_pos_body -721.4043 242.18637 2073.154
/rightshoulder_pos_body 243.67705 255.77971 1992.1442
/rightelbow_pos_body 470.2376 175.01266 1997.6344
/righthand_pos_body 412.5196 495.9662 1987.9271
/torso_pos_body 73.96427 41.456306 1986.5002
/torso_pos_body 73.96427 41.456306 1986.5002
/lefthip_pos_body -18.410025 -171.23308 1965.7393
/leftknee_pos_body -28.084675 -580.2129 1916.6105
/righthip_pos_body 160.30217 -167.45724 1930.8074
/rightknee_pos_body 181.18993 -580.0773 1887.365
/leftshoulder_pos_body -90.84991 246.1254 2058.0981
/leftelbow_pos_body -362.0024 213.20451 2097.8267
/lefthand_pos_body -724.69324 235.03935 2072.1116
/rightshoulder_pos_body 240.54695 254.32597 1996.889
/rightelbow_pos_body 468.1712 180.8425 1997.5911
/righthand_pos_body 423.22025 502.79352 1979.6
/torso_pos_body 72.840836 40.120567 1988.4745
/torso_pos_body 72.840836 40.120567 1988.4745
/lefthip_pos_body -18.390034 -172.19243 1965.9349
/leftknee_pos_body -28.185616 -582.0991 1917.0948
/righthip_pos_body 160.05634 -167.77667 1932.9757
/rightknee_pos_body 181.77011 -580.48596 1890.701
/leftshoulder_pos_body -92.73122 246.90443 2059.4724
/leftelbow_pos_body -363.77698 212.7527 2099.094
/lefthand_pos_body -723.1232 238.45854 2069.8054
/rightshoulder_pos_body 238.91133 255.5524 1994.6051
/rightelbow_pos_body 466.0479 182.92665 1995.2888
/righthand_pos_body 483.20844 476.1925 1924.6057
/torso_pos_body 71.23618 40.654488 1989.4872
/torso_pos_body 71.23618 40.654488 1989.4872
/lefthip_pos_body -20.22152 -172.25597 1969.4615
/leftknee_pos_body -28.638062 -581.1233 1914.1786
/righthip_pos_body 158.98615 -167.58292 1934.4098
/rightknee_pos_body 181.11609 -581.1104 1894.021
/leftshoulder_pos_body -93.50521 245.67519 2058.8596
/leftelbow_pos_body -364.7238 209.27538 2098.3015
/lefthand_pos_body -726.94324 234.21815 2065.9417
/rightshoulder_pos_body 235.77711 255.79404 1994.0883
/rightelbow_pos_body 466.38422 187.32028 1993.7635
/righthand_pos_body 570.3715 515.678 1919.1642
/torso_pos_body 70.11754 40.511707 1988.4547
/torso_pos_body 70.11754 40.511707 1988.4547
/lefthip_pos_body -19.15729 -172.42331 1967.7959
/leftknee_pos_body -28.491203 -581.11005 1911.5637
/righthip_pos_body 157.35555 -166.99907 1933.075
/rightknee_pos_body 181.42226 -580.98505 1896.8353
/leftshoulder_pos_body -93.852264 248.26627 2057.0842
/leftelbow_pos_body -365.68008 211.05814 2096.5925
/lefthand_pos_body -725.9535 236.60445 2062.3848
/rightshoulder_pos_body 236.7705 257.02917 1994.7087
/rightelbow_pos_body 500.6234 237.0669 1990.5353
/righthand_pos_body 734.84515 465.63287 1873.4323
/torso_pos_body 69.84585 42.249878 1987.7872
/torso_pos_body 69.84585 42.249878 1987.7872
/lefthip_pos_body -19.951561 -170.48523 1966.3148
/leftknee_pos_body -27.509323 -582.02686 1909.3025
/righthip_pos_body 156.41673 -165.8107 1933.0411
/rightknee_pos_body 181.70197 -581.6068 1900.1749
/leftshoulder_pos_body -93.23403 250.94998 2056.4907
/leftelbow_pos_body -363.999 212.28893 2097.588
/lefthand_pos_body -724.7562 236.5209 2061.2815
/rightshoulder_pos_body 237.36848 257.9758 1993.417
/rightelbow_pos_body 508.34473 251.7177 1976.264
/righthand_pos_body 802.25726 384.5798 1872.4128
/torso_pos_body 69.22047 43.53388 1986.537
/torso_pos_body 69.22047 43.53388 1986.537
/lefthip_pos_body -21.037464 -169.25276 1964.7968
/leftknee_pos_body -48.101135 -616.6543 1911.1151
/righthip_pos_body 153.78488 -165.5375 1931.4435
/rightknee_pos_body 182.7484 -584.08154 1903.6794
/leftshoulder_pos_body -92.957535 251.90118 2057.3433
/leftelbow_pos_body -364.82532 213.4287 2096.727
/lefthand_pos_body -724.7434 235.09044 2061.8875
/rightshoulder_pos_body 237.36366 258.8879 1992.8345
/rightelbow_pos_body 507.62323 260.34296 1955.0953
/righthand_pos_body 818.74945 330.3692 1879.7043
/torso_pos_body 69.10727 44.20293 1986.3633
/torso_pos_body 69.10727 44.20293 1986.3633
/lefthip_pos_body -21.973116 -168.84967 1964.8203
/leftknee_pos_body -48.24746 -618.21326 1937.5372
/righthip_pos_body 153.99606 -165.1277 1930.4551
/rightknee_pos_body 184.36748 -584.2103 1903.9454
/leftshoulder_pos_body -93.3337 251.87817 2057.696
/leftelbow_pos_body -366.2097 214.29347 2096.1433
/lefthand_pos_body -726.6311 233.22745 2066.0093
/rightshoulder_pos_body 236.14676 259.08655 1993.5118
/rightelbow_pos_body 504.69556 253.62234 1960.0227
/righthand_pos_body 818.7957 279.9048 1877.6774
/torso_pos_body 68.45445 44.086864 1986.7084
/torso_pos_body 68.45445 44.086864 1986.7084
/lefthip_pos_body -23.214575 -169.24957 1965.0953
/leftknee_pos_body -43.64266 -612.1541 1949.2913
/righthip_pos_body 154.21933 -165.36768 1930.5304
/rightknee_pos_body 185.16382 -582.4631 1904.6976
/leftshoulder_pos_body -94.32284 251.6231 2057.7434
/leftelbow_pos_body -367.64008 215.02306 2096.109
/lefthand_pos_body -729.543 229.74521 2073.0283
/rightshoulder_pos_body 234.41393 259.81314 1994.2131
/rightelbow_pos_body 502.49768 250.62659 1956.7738
/righthand_pos_body 822.07043 273.4682 1873.853
/torso_pos_body 67.72627 44.463264 1986.7432
/torso_pos_body 67.72627 44.463264 1986.7432
/lefthip_pos_body -23.47754 -169.00603 1964.6855
/leftknee_pos_body -40.188564 -611.2895 1947.1257
/righthip_pos_body 154.29153 -164.57715 1930.3306
/rightknee_pos_body 184.2275 -582.8719 1901.2773
/leftshoulder_pos_body -96.9057 251.64377 2055.9685
/leftelbow_pos_body -368.96927 215.18698 2094.6987
/lefthand_pos_body -723.6968 230.53589 2065.018
/rightshoulder_pos_body 233.51407 260.98212 1994.2386
/rightelbow_pos_body 501.279 248.24571 1954.5443
/righthand_pos_body 821.7279 272.76263 1876.0151
/torso_pos_body 66.99043 45.053795 1986.1125
/torso_pos_body 66.99043 45.053795 1986.1125
/lefthip_pos_body -23.424997 -168.72356 1963.7677
/leftknee_pos_body -39.189144 -610.6219 1935.91
/righthip_pos_body 154.77835 -163.68716 1930.4755
/rightknee_pos_body 186.3953 -594.73987 1881.6312
/leftshoulder_pos_body -97.33572 252.13217 2055.0083
/leftelbow_pos_body -369.95844 214.52298 2093.9363
/lefthand_pos_body -726.44855 237.44891 2066.8035
/rightshoulder_pos_body 234.219 261.89258 1993.7831
/rightelbow_pos_body 501.59348 247.11609 1954.4406
/righthand_pos_body 822.8788 275.644 1875.121
/torso_pos_body 67.475395 45.787468 1985.4899
/torso_pos_body 67.475395 45.787468 1985.4899
/lefthip_pos_body -22.499401 -168.05771 1963.0205
/leftknee_pos_body -35.15281 -608.9973 1925.396
/righthip_pos_body 155.5177 -162.81718 1930.1477
/rightknee_pos_body 185.23262 -601.7642 1876.4393
/leftshoulder_pos_body -98.46021 252.39168 2053.8003
/leftelbow_pos_body -371.85364 213.71445 2093.009
/lefthand_pos_body -724.6222 234.58482 2060.2322
/rightshoulder_pos_body 234.40956 263.0626 1993.0807
/rightelbow_pos_body 502.30554 246.72264 1954.2599
/righthand_pos_body 819.80725 279.46368 1874.3368
/torso_pos_body 67.66489 46.673 1984.6511
/torso_pos_body 67.66489 46.673 1984.6511
/lefthip_pos_body -21.90341 -167.24252 1962.1437
/leftknee_pos_body -29.280691 -602.9922 1919.7894
/righthip_pos_body 156.61362 -161.51974 1929.58
/rightknee_pos_body 182.86581 -598.21 1875.2966
/leftshoulder_pos_body -98.78412 252.03078 2053.8757
/leftelbow_pos_body -372.51236 213.5353 2092.5825
/lefthand_pos_body -730.41034 232.60638 2063.0623
/rightshoulder_pos_body 234.7196 263.44385 1992.5028
/rightelbow_pos_body 503.19348 245.00345 1956.3777
/righthand_pos_body 816.90344 285.14905 1877.3247
/torso_pos_body 68.022064 47.11655 1984.317
/torso_pos_body 68.022064 47.11655 1984.317
/lefthip_pos_body -21.876045 -166.58253 1961.9983
/leftknee_pos_body -27.064098 -597.21356 1916.9686
/righthip_pos_body 158.02881 -160.42589 1928.8911
/rightknee_pos_body 183.70834 -600.5666 1878.6162
/leftshoulder_pos_body -99.22988 252.58252 2052.9238
/leftelbow_pos_body -371.89664 214.24817 2093.2507
/lefthand_pos_body -724.6761 228.83473 2056.3562
/rightshoulder_pos_body 234.14552 263.94196 1992.7855
/rightelbow_pos_body 502.65356 244.5612 1954.6743
/righthand_pos_body 819.2163 307.53622 1877.4464
/torso_pos_body 67.670654 47.83215 1984.2867
/torso_pos_body 67.670654 47.83215 1984.2867
/lefthip_pos_body -22.211239 -165.66782 1961.9712
/leftknee_pos_body -26.428411 -593.6182 1914.1395
/righthip_pos_body 157.97821 -159.52805 1929.4663
/rightknee_pos_body 183.16116 -594.7807 1886.1287
/leftshoulder_pos_body -98.995255 253.2693 2051.5645
/leftelbow_pos_body -371.33533 215.62364 2092.7874
/lefthand_pos_body -730.6466 234.32835 2051.7825
/rightshoulder_pos_body 234.69322 263.77264 1992.3412
/rightelbow_pos_body 500.8952 245.2703 1955.2017
/righthand_pos_body 791.3721 388.8734 1880.6495
/torso_pos_body 67.683525 48.400787 1983.7551
/torso_pos_body 67.683525 48.400787 1983.7551
/lefthip_pos_body -22.716621 -164.55968 1961.5724
/leftknee_pos_body -27.626904 -596.7865 1920.9521
/righthip_pos_body 157.75276 -158.87914 1929.5426
/rightknee_pos_body 182.98363 -591.50507 1888.0044
/leftshoulder_pos_body -98.959984 253.47833 2051.1665
/leftelbow_pos_body -370.93863 216.28633 2092.682
/lefthand_pos_body -725.5845 241.398 2050.5176
/rightshoulder_pos_body 234.67871 263.82278 1991.7041
/rightelbow_pos_body 499.57944 247.08757 1955.7731
/righthand_pos_body 753.7243 441.35736 1881.5647
/torso_pos_body 67.64693 48.9825 1983.7682
/torso_pos_body 67.64693 48.9825 1983.7682
/lefthip_pos_body -22.943052 -163.4877 1962.2085
/leftknee_pos_body -28.077456 -596.54956 1922.8594
/righthip_pos_body 157.81204 -157.88342 1929.9937
/rightknee_pos_body 180.11942 -577.0133 1881.5616
/leftshoulder_pos_body -99.14487 254.52615 2052.18
/leftelbow_pos_body -370.95163 218.17513 2092.9685
/lefthand_pos_body -724.8307 252.0599 2049.7437
/rightshoulder_pos_body 234.48364 265.4004 1992.5076
/rightelbow_pos_body 486.96387 282.73187 1963.5636
/righthand_pos_body 695.8575 550.61646 1876.6139
/torso_pos_body 67.72938 50.04389 1984.425
/torso_pos_body 67.72938 50.04389 1984.425
/lefthip_pos_body -22.312672 -162.81226 1962.6218
/leftknee_pos_body -27.526455 -595.7672 1917.8641
/righthip_pos_body 157.89142 -156.93872 1930.3909
/rightknee_pos_body 177.28275 -573.06573 1886.7169
/leftshoulder_pos_body -97.00473 263.00916 2063.2026
/leftelbow_pos_body -369.42947 227.40117 2102.1348
/lefthand_pos_body -721.2943 281.1509 2040.5059
/rightshoulder_pos_body 238.35394 266.14417 2001.4652
/rightelbow_pos_body 465.77255 337.5233 1980.0892
/righthand_pos_body 533.79395 643.5764 1863.7311
/torso_pos_body 64.42688 54.683357 1987.738
/torso_pos_body 64.42688 54.683357 1987.738
/lefthip_pos_body -25.219254 -155.98958 1958.4952
/leftknee_pos_body -30.521637 -589.24713 1911.6714
/righthip_pos_body 141.57756 -154.43033 1927.789
/rightknee_pos_body 177.34985 -576.2595 1889.6002
/leftshoulder_pos_body -95.78716 266.37726 2065.404
/leftelbow_pos_body -369.69766 243.753 2096.3975
/lefthand_pos_body -713.9532 299.13556 2013.1703
/rightshoulder_pos_body 238.72896 268.20932 2018.7361
/rightelbow_pos_body 427.33655 388.11517 1981.22
/righthand_pos_body 382.80936 689.0645 1868.29
/torso_pos_body 65.91595 55.93984 1993.9548
/torso_pos_body 65.91595 55.93984 1993.9548
/lefthip_pos_body -24.02523 -155.87578 1957.6122
/leftknee_pos_body -32.144646 -586.729 1909.0529
/righthip_pos_body 144.74724 -154.95145 1934.067
/rightknee_pos_body 174.43279 -568.70105 1886.8438
/leftshoulder_pos_body -94.5734 267.81265 2065.9546
/leftelbow_pos_body -369.51413 247.68692 2092.4382
/lefthand_pos_body -709.35364 304.5322 2006.0427
/rightshoulder_pos_body 238.62236 269.8275 2021.2192
/rightelbow_pos_body 416.26965 408.45953 1975.0859
/righthand_pos_body 335.70435 696.3659 1868.1727
/torso_pos_body 66.72292 57.65322 1994.5892
/torso_pos_body 66.72292 57.65322 1994.5892
/lefthip_pos_body -23.008835 -154.02419 1956.9272
/leftknee_pos_body -32.288437 -585.0393 1907.5406
/righthip_pos_body 145.85156 -153.00308 1934.2559
/rightknee_pos_body 176.1538 -564.9697 1885.6188
/leftshoulder_pos_body -93.105576 264.59503 2062.411
/leftelbow_pos_body -367.95428 246.1596 2086.2566
/lefthand_pos_body -709.9562 301.13223 1995.7507
/rightshoulder_pos_body 237.05214 268.85333 2011.3832
/rightelbow_pos_body 401.11267 438.6252 1973.2717
/righthand_pos_body 304.93674 708.2687 1877.41
/torso_pos_body 67.64705 56.754288 1991.3832
/torso_pos_body 67.64705 56.754288 1991.3832
/lefthip_pos_body -21.844067 -154.31403 1959.032
/leftknee_pos_body -31.48259 -586.22034 1909.8965
/righthip_pos_body 148.48569 -152.11716 1932.7068
/rightknee_pos_body 177.98685 -562.6835 1885.4934
/leftshoulder_pos_body -87.176544 263.63638 2061.4653
/leftelbow_pos_body -354.37183 247.91727 2079.1309
/lefthand_pos_body -694.41583 291.8492 1990.5964
/rightshoulder_pos_body 236.0965 267.13434 2007.0686
/rightelbow_pos_body 390.3072 448.435 1973.5413
/righthand_pos_body 295.64978 715.46387 1880.2916
/torso_pos_body 69.29072 55.99987 1990.0823
/torso_pos_body 69.29072 55.99987 1990.0823
/lefthip_pos_body -20.808317 -154.3046 1960.1886
/leftknee_pos_body -30.731073 -587.1357 1913.2214
/righthip_pos_body 149.05124 -152.46664 1931.6066
/rightknee_pos_body 179.39603 -561.0711 1888.98
/leftshoulder_pos_body -87.00177 265.29474 2061.8474
/leftelbow_pos_body -357.84247 249.03105 2080.0947
/lefthand_pos_body -705.48535 292.9615 1985.0537
/rightshoulder_pos_body 236.58594 267.73398 2007.9808
/rightelbow_pos_body 391.99115 445.31744 1970.4031
/righthand_pos_body 322.21658 710.08856 1867.5837
/torso_pos_body 68.922745 57.93471 1990.2104
/torso_pos_body 68.922745 57.93471 1990.2104
/lefthip_pos_body -20.62279 -151.27568 1959.436
/leftknee_pos_body -29.802227 -583.2948 1912.7294
/righthip_pos_body 146.7296 -150.01416 1931.5776
/rightknee_pos_body 185.40895 -560.83014 1910.5225
/leftshoulder_pos_body -87.12253 266.6143 2063.6726
/leftelbow_pos_body -358.87143 250.18332 2073.5461
/lefthand_pos_body -710.5987 293.11353 1992.0862
/rightshoulder_pos_body 236.5296 267.5427 2008.0989
/rightelbow_pos_body 397.6972 433.53278 1969.7233
/righthand_pos_body 399.7162 681.5139 1836.3748
/torso_pos_body 67.441826 59.857704 1990.1328
/torso_pos_body 67.441826 59.857704 1990.1328
/lefthip_pos_body -20.488888 -147.59448 1958.2314
/leftknee_pos_body -30.42554 -580.34033 1912.819
/righthip_pos_body 140.8491 -147.13167 1930.5283
/rightknee_pos_body 184.36209 -566.8989 1902.3638
/leftshoulder_pos_body -86.96849 267.68753 2064.3733
/leftelbow_pos_body -362.31122 247.02242 2077.7966
/lefthand_pos_body -717.49963 287.22534 1997.9731
/rightshoulder_pos_body 235.7884 268.9442 2008.5219
/rightelbow_pos_body 453.77618 342.40747 1948.5865
/righthand_pos_body 571.8301 628.1879 1789.881
/torso_pos_body 67.0937 62.03231 1989.5267
/torso_pos_body 67.0937 62.03231 1989.5267
/lefthip_pos_body -19.023575 -144.55807 1956.242
/leftknee_pos_body -32.720516 -576.9159 1910.6116
/righthip_pos_body 138.57845 -143.94444 1928.9697
/rightknee_pos_body 184.79442 -565.73413 1898.2058
/leftshoulder_pos_body -86.960976 266.36426 2061.772
/leftelbow_pos_body -362.42264 245.89067 2074.8472
/lefthand_pos_body -720.3153 279.5302 1999.6926
/rightshoulder_pos_body 235.28452 269.64896 2007.0828
/rightelbow_pos_body 457.64905 345.10577 1951.4646
/righthand_pos_body 671.21954 571.2721 1793.6483
/torso_pos_body 68.37624 61.576912 1987.9388
/torso_pos_body 68.37624 61.576912 1987.9388
/lefthip_pos_body -17.161068 -145.66571 1954.9852
/leftknee_pos_body -31.874603 -578.9413 1910.1672
/righthip_pos_body 142.34251 -144.03987 1927.9154
/rightknee_pos_body 184.7779 -559.63617 1895.6586
/leftshoulder_pos_body -87.99476 265.9636 2060.4707
/leftelbow_pos_body -364.05698 246.30798 2071.683
/lefthand_pos_body -730.0164 272.50735 2010.8281
/rightshoulder_pos_body 234.88281 270.32135 2006.5508
/rightelbow_pos_body 466.2242 326.73297 1943.6266
/righthand_pos_body 764.4232 446.2359 1824.8433
/torso_pos_body 68.41037 62.004425 1986.7087
/torso_pos_body 68.41037 62.004425 1986.7087
/lefthip_pos_body -17.119127 -145.22005 1953.3494
/leftknee_pos_body -30.886662 -581.3291 1909.7264
/righthip_pos_body 143.87256 -143.0472 1926.4641
/rightknee_pos_body 183.99016 -548.2334 1887.7703
/leftshoulder_pos_body -89.58079 265.247 2060.273
/leftelbow_pos_body -370.82852 242.64064 2068.004
/lefthand_pos_body -726.5753 266.2528 2007.9349
/rightshoulder_pos_body 234.25505 270.1192 2005.5273
/rightelbow_pos_body 470.3349 297.33762 1938.2302
/righthand_pos_body 794.98596 356.557 1842.9175
/torso_pos_body 67.4794 61.533836 1985.8186
/torso_pos_body 67.4794 61.533836 1985.8186
/lefthip_pos_body -17.826109 -145.82578 1952.337
/leftknee_pos_body -31.60174 -581.9355 1907.081
/righthip_pos_body 143.06946 -143.40506 1925.1371
/rightknee_pos_body 180.75566 -552.63135 1883.4543
/leftshoulder_pos_body -95.50699 263.7487 2059.895
/leftelbow_pos_body -375.35715 238.16144 2066.6257
/lefthand_pos_body -727.62744 257.7772 2010.816
/rightshoulder_pos_body 233.29321 271.51868 2004.2428
/rightelbow_pos_body 485.80237 267.37103 1939.8678
/righthand_pos_body 757.46564 305.55743 1839.8628
/torso_pos_body 65.903076 60.7669 1985.5215
/torso_pos_body 65.903076 60.7669 1985.5215
/lefthip_pos_body -18.850058 -148.03206 1952.8131
/leftknee_pos_body -37.392338 -581.4786 1902.4832
/righthip_pos_body 144.67613 -144.16772 1925.1349
/rightknee_pos_body 180.15875 -554.415 1884.8268
/leftshoulder_pos_body -94.73314 262.8361 2063.0637
/leftelbow_pos_body -372.46698 238.03911 2074.1504
/lefthand_pos_body -729.6349 261.2611 2010.4559
/rightshoulder_pos_body 231.42699 269.93256 1998.9318
/rightelbow_pos_body 487.87793 252.77336 1942.124
/righthand_pos_body 807.08997 266.12418 1850.1575
/torso_pos_body 64.26266 58.40478 1987.2122
/torso_pos_body 64.26266 58.40478 1987.2122
/lefthip_pos_body -24.426529 -151.41556 1960.0623
/leftknee_pos_body -34.455612 -605.42584 1905.7697
/righthip_pos_body 144.78331 -147.73395 1926.791
/rightknee_pos_body 181.37296 -557.51166 1886.0093
/leftshoulder_pos_body -98.29338 259.78967 2064.0876
/leftelbow_pos_body -371.0067 236.81429 2077.116
/lefthand_pos_body -722.2326 260.09625 2007.4595
/rightshoulder_pos_body 230.7118 268.81827 1994.7308
/rightelbow_pos_body 487.57196 243.55093 1941.514
/righthand_pos_body 803.6736 272.734 1842.6101
/torso_pos_body 62.905266 55.445305 1986.5481
/torso_pos_body 62.905266 55.445305 1986.5481
/lefthip_pos_body -26.848328 -155.78572 1961.9111
/leftknee_pos_body -35.11047 -614.7293 1904.8527
/righthip_pos_body 146.05098 -151.04102 1925.4626
/rightknee_pos_body 180.18904 -557.3838 1880.7242
/leftshoulder_pos_body -95.73564 258.79855 2061.227
/leftelbow_pos_body -370.1219 236.0342 2072.0537
/lefthand_pos_body -724.176 259.69702 2009.6151
/rightshoulder_pos_body 231.7842 267.75787 1993.5791
/rightelbow_pos_body 490.8327 237.88051 1943.6558
/righthand_pos_body 809.9564 279.4613 1849.8925
/torso_pos_body 64.733574 56.09128 1984.0311
/torso_pos_body 64.733574 56.09128 1984.0311
/lefthip_pos_body -23.536037 -153.42024 1958.2112
/leftknee_pos_body -41.482773 -608.0545 1901.1462
/righthip_pos_body 146.4218 -148.77104 1923.1072
/rightknee_pos_body 180.55286 -554.63855 1879.8892
/leftshoulder_pos_body -93.32156 258.60526 2059.5884
/leftelbow_pos_body -368.29785 235.33122 2069.663
/lefthand_pos_body -718.8806 255.93584 2009.9417
/rightshoulder_pos_body 232.87903 266.4382 1991.8676
/rightelbow_pos_body 493.22897 235.90448 1943.4546
/righthand_pos_body 808.48755 285.09222 1849.4926
/torso_pos_body 65.82619 56.023262 1982.8046
/torso_pos_body 65.82619 56.023262 1982.8046
/lefthip_pos_body -22.977154 -152.5127 1957.4966
/leftknee_pos_body -46.456078 -602.9166 1900.0254
/righthip_pos_body 146.72443 -148.43771 1922.2656
/rightknee_pos_body 178.76425 -558.1279 1875.2496
/leftshoulder_pos_body -92.70224 258.21008 2058.6475
/leftelbow_pos_body -367.98734 234.69041 2070.0823
/lefthand_pos_body -723.0433 254.60612 2009.0166
/rightshoulder_pos_body 233.11967 266.27286 1990.5188
/rightelbow_pos_body 493.88666 234.58267 1942.3663
/righthand_pos_body 809.3474 287.82248 1848.9929
/torso_pos_body 66.41927 55.825394 1982.0316
/torso_pos_body 66.41927 55.825394 1982.0316
/lefthip_pos_body -22.075079 -152.68678 1957.1917
/leftknee_pos_body -42.6886 -596.5365 1902.3438
/righthip_pos_body 147.33473 -148.49458 1921.7686
/rightknee_pos_body 180.0132 -556.8092 1876.9003
/leftshoulder_pos_body -92.77677 257.90982 2058.046
/leftelbow_pos_body -368.71622 233.7396 2069.9812
/lefthand_pos_body -723.9193 253.56041 2011.107
/rightshoulder_pos_body 232.64583 266.60318 1989.1517
/rightelbow_po