/lefthand_pos_body -129.6644 542.49927 1710.7052
/righthand_pos_body 479.84888 506.82446 1591.2332
/lefthand_pos_body -131.83475 590.5886 1692.2947
/righthand_pos_body 440.12354 561.9444 1586.4403
/lefthand_pos_body -137.54053 593.9824 1701.1339
/righthand_pos_body 430.22403 561.645 1597.1852
/lefthand_pos_body -143.07277 596.18445 1705.0796
/righthand_pos_body 426.19464 547.4209 1596.989
/lefthand_pos_body -150.48085 594.4286 1707.0472
/righthand_pos_body 434.2936 551.1544 1595.762
/lefthand_pos_body -156.52675 594.4739 1701.5704
/righthand_pos_body 448.9732 547.4308 1586.0634
/lefthand_pos_body -158.97302 586.87335 1711.4015
/righthand_pos_body 444.5053 553.8662 1587.6141
/lefthand_pos_body -153.19681 583.489 1710.5627
/righthand_pos_body 447.9889 559.2984 1591.9237
/lefthand_pos_body -163.20909 590.4414 1708.7437
/righthand_pos_body 455.3054 566.9741 1591.679
/lefthand_pos_body -234.10506 582.65564 1720.7555
/righthand_pos_body 495.45972 550.115 1578.5809
/lefthand_pos_body -354.48944 527.43604 1772.1327
/righthand_pos_body 511.6593 538.8306 1579.996
/lefthand_pos_body -414.80005 481.9676 1814.167
/righthand_pos_body 519.47577 542.0008 1590.188
/lefthand_pos_body -426.25433 291.1586 1953.9625
/righthand_pos_body 523.49335 539.23676 1593.3368
/lefthand_pos_body -407.34433 232.069 1992.232
/righthand_pos_body 522.98254 539.08984 1591.2933
/lefthand_pos_body -354.3334 242.1301 1976.2256
/righthand_pos_body 521.9736 540.4033 1589.4419
/lefthand_pos_body -391.31055 200.21622 2015.3229
/righthand_pos_body 520.7861 542.8834 1591.8245
/lefthand_pos_body -422.48 273.61786 1982.7491
/righthand_pos_body 522.05927 545.97754 1597.4403
/lefthand_pos_body -424.47186 417.63892 1914.7156
/righthand_pos_body 525.51184 543.1319 1600.2318
/lefthand_pos_body -397.07086 514.38025 1867.976
/righthand_pos_body 517.7114 540.09607 1601.9263
/lefthand_pos_body -270.07507 616.8114 1788.5917
/righthand_pos_body 523.6325 547.7505 1609.0804
/lefthand_pos_body -168.29715 624.7196 1748.6244
/righthand_pos_body 519.3819 544.4187 1606.0813
/lefthand_pos_body -74.9033 599.9785 1722.129
/righthand_pos_body 521.7838 548.671 1612.0983
/lefthand_pos_body -27.097595 573.88965 1712.6244
/righthand_pos_body 516.5521 547.6791 1609.7283
/lefthand_pos_body -17.496567 577.3719 1705.5978
/righthand_pos_body 513.8962 553.98047 1615.2971
/lefthand_pos_body -24.150635 597.76685 1697.8131
/righthand_pos_body 501.90884 558.77325 1624.8378
/lefthand_pos_body -84.576035 603.2055 1691.228
/righthand_pos_body 491.24503 586.86676 1652.3894
/lefthand_pos_body -124.21626 604.694 1695.9828
/righthand_pos_body 558.23486 609.27374 1685.6356
/lefthand_pos_body -150.3302 594.58826 1705.6594
/righthand_pos_body 789.7814 464.08273 1750.4163
/lefthand_pos_body -157.58203 584.92847 1711.1481
/righthand_pos_body 770.5874 266.94992 1829.7046
/lefthand_pos_body -160.80789 580.081 1713.1678
/righthand_pos_body 690.252 114.01538 1879.8234
/lefthand_pos_body -164.2578 581.288 1717.2388
/righthand_pos_body 646.755 76.1517 1887.8104
/lefthand_pos_body -159.41122 579.51355 1711.1495
/righthand_pos_body 628.85187 49.277786 1875.1598
/lefthand_pos_body -158.40578 579.20715 1713.0536
/righthand_pos_body 637.96716 46.826233 1871.2616
/lefthand_pos_body -158.65158 579.63495 1715.6089
/righthand_pos_body 604.03 97.6535 1830.2592
/lefthand_pos_body -161.97063 580.9147 1719.8064
/righthand_pos_body 723.72437 180.71103 1812.777
/lefthand_pos_body -160.70425 578.51514 1719.7295
/righthand_pos_body 739.12726 264.6214 1778.8087
/lefthand_pos_body -157.42372 577.84485 1714.2533
/righthand_pos_body 739.0083 450.6322 1730.3387
/lefthand_pos_body -156.152 573.95154 1714.7198
/righthand_pos_body 657.33356 574.0485 1706.537
/lefthand_pos_body -162.73965 569.58545 1721.4166
/righthand_pos_body 505.6006 611.7482 1678.3303
/lefthand_pos_body -164.8727 572.14966 1724.1311
/righthand_pos_body 447.62958 613.82007 1690.0896
/lefthand_pos_body -162.70238 570.33594 1720.1211
/righthand_pos_body 414.63174 613.4574 1688.3662
/lefthand_pos_body -166.30013 571.2964 1725.7734
/righthand_pos_body 412.10764 608.61847 1685.5486
/lefthand_pos_body -165.92007 571.14526 1724.2732
/righthand_pos_body 414.69733 608.4418 1682.3082
/lefthand_pos_body -176.70973 573.7037 1729.6143
/righthand_pos_body 414.01462 611.4508 1679.5991
/lefthand_pos_body -235.40259 592.7162 1747.4788
/righthand_pos_body 416.31262 604.8473 1675.4594
/lefthand_pos_body -314.34686 561.5965 1774.873
/righthand_pos_body 420.0583 603.5958 1673.8502
/lefthand_pos_body -416.56537 444.03876 1856.5428
/righthand_pos_body 420.81534 600.6176 1665.2075
/lefthand_pos_body -416.99066 276.95227 1975.7761
/righthand_pos_body 418.82562 600.25275 1660.9739
/lefthand_pos_body -394.03003 202.52153 2024.004
/righthand_pos_body 423.57758 599.6306 1661.1453
/lefthand_pos_body -318.90646 117.49533 2056.893
/righthand_pos_body 413.77228 598.45624 1655.7379
/lefthand_pos_body -313.99158 109.15018 2058.014
/righthand_pos_body 415.40588 598.6554 1651.1414
/lefthand_pos_body -325.89642 129.0759 2056.9712
/righthand_pos_body 406.40967 601.384 1649.5664
/lefthand_pos_body -342.2482 149.52388 2051.98
/righthand_pos_body 407.61295 597.8038 1646.9152
/lefthand_pos_body -360.8567 177.72655 2040.473
/righthand_pos_body 416.748 598.84705 1646.9823
/lefthand_pos_body -373.5033 210.51492 2028.3815
/righthand_pos_body 417.94525 597.8458 1642.1588
/lefthand_pos_body -391.32068 262.47174 1997.9534
/righthand_pos_body 421.99274 593.6005 1633.9299
/lefthand_pos_body -401.3019 354.00555 1936.83
/righthand_pos_body 422.42664 591.094 1631.8666
/lefthand_pos_body -386.27853 427.62894 1882.625
/righthand_pos_body 427.3484 586.61633 1632.6888
/lefthand_pos_body -347.54596 490.74725 1840.1886
/righthand_pos_body 432.11267 592.0215 1635.8866
/lefthand_pos_body -298.24625 537.7356 1803.276
/righthand_pos_body 427.23053 592.4485 1640.9835
/lefthand_pos_body -234.28021 557.70544 1766.0503
/righthand_pos_body 413.40903 598.62646 1633.1917
/lefthand_pos_body -161.96924 572.662 1735.5009
/righthand_pos_body 427.99307 588.22534 1632.6279
/lefthand_pos_body -141.64554 556.3844 1728.801
/righthand_pos_body 426.17557 589.44147 1635.1255
/lefthand_pos_body -111.35554 546.1991 1710.4067
/righthand_pos_body 425.1475 591.594 1628.3228
/lefthand_pos_body -103.163765 537.65894 1705.6537
/righthand_pos_body 423.64886 587.78174 1621.9131
/lefthand_pos_body -106.92168 534.9278 1705.5769
/righthand_pos_body 422.38452 589.36426 1620.3746
/lefthand_pos_body -107.80556 535.0504 1703.7782
/righthand_pos_body 432.80228 577.79346 1616.1769
/lefthand_pos_body -109.881165 534.9923 1695.7214
/righthand_pos_body 440.7762 592.418 1611.6622
/lefthand_pos_body -138.77309 536.10376 1692.7911
/righthand_pos_body 619.95526 587.2441 1588.0709
/lefthand_pos_body -154.2195 545.8523 1692.9144
/righthand_pos_body 809.0939 496.92664 1621.3219
/lefthand_pos_body -163.7709 544.8141 1700.1597
/righthand_pos_body 821.01294 334.04178 1697.315
/lefthand_pos_body -170.92413 539.3601 1702.5184
/righthand_pos_body 768.37604 203.99371 1770.2688
/lefthand_pos_body -174.11629 548.29425 1698.4607
/righthand_pos_body 710.3639 111.429245 1828.1283
/lefthand_pos_body -180.12807 553.00323 1696.024
/righthand_pos_body 699.8851 98.5887 1835.4142
/lefthand_pos_body -182.26144 555.578 1693.8154
/righthand_pos_body 715.20984 98.017 1838.0022
/lefthand_pos_body -183.00916 555.5664 1688.2252
/righthand_pos_body 739.17236 115.484024 1812.3302
/lefthand_pos_body -194.77231 558.96045 1688.6064
/righthand_pos_body 755.0886 131.9756 1786.2843
/lefthand_pos_body -282.44415 597.34644 1743.7255
/righthand_pos_body 766.01105 141.16934 1760.8486
/lefthand_pos_body -399.6122 479.46637 1835.3849
/righthand_pos_body 764.4888 140.38243 1725.5421
/lefthand_pos_body -407.64215 339.30804 1898.7899
/righthand_pos_body 755.0386 137.25783 1698.5226
/lefthand_pos_body -351.37567 211.4822 1892.3219
/righthand_pos_body 734.03796 133.31232 1642.3219
/lefthand_pos_body -374.0799 189.30363 1856.2959
/righthand_pos_body 722.4277 114.91269 1583.5311
/lefthand_pos_body -387.7705 99.170364 1764.2578
/righthand_pos_body 662.31335 126.6225 1491.8578
/lefthand_pos_body -361.73456 30.166992 1709.5386
/righthand_pos_body 613.1